filename
dataset name
Wavelength explicit
Intervalnr  41 
400 405 410 415 420 425 430 435 440 445 450 455 460 465 470 475 480 485 490 495 500 505 510 515 520 525 530 535 540 545 550 555 560 565 570 575 580 585 590 595 600
0 0.259836248563641 0.333754985317822 0.417094696490553 0.509678095286317 0.609829948297157 0.716564164356562 0.824492178896099 0.940636937468225 1.05208812756645 1.16335949985777 1.2706066997193 1.36964002394386 1.45574575906059 1.52822102713359 1.58324299903026 1.61526042022894 1.62376968464483 1.61443380022407 1.58420165498812 1.53311688166 1.46223032969766 1.38139419660283 1.29091980193437 1.193715337299 1.09362323752336 0.995150811707456 0.895237766887483 0.800280638424825 0.712188408821145 0.628136718305998 0.551683203918718 0.482668500515183 0.422593534454651 0.365892157823795 0.313426311220712 0.271168467103246 0.23056737187141 0.199477406796436 0.170611019472484 0.146026060812579 0.12139990453033
1 0.244889367060932 0.314917283838682 0.395217206437532 0.484215957009162 0.578370907579029 0.680460048618504 0.783170442892748 0.892460678052373 1.00225329192063 1.10900423281566 1.21726976932611 1.31332633434839 1.40144944639211 1.47485987010805 1.5301474958377 1.56660068107853 1.58108696307703 1.5744415127066 1.54474240351987 1.49759337871188 1.43368263524255 1.35445662707491 1.26968577071315 1.17623834029844 1.07742656503462 0.981989921629462 0.885192182118885 0.791834194562718 0.703934636667466 0.624044297493907 0.547116430846679 0.477240796019495 0.416520304539491 0.360416664774285 0.313178896476835 0.268793088293928 0.230749570305627 0.197707913621838 0.170501901570076 0.143578808888761 0.122433260052548
2 0.231747316553341 0.296656816275285 0.372435497737843 0.458077274303054 0.548648342966966 0.64341568733373 0.743329007195598 0.8485776372839 0.955690570327504 1.06238352034031 1.16368225863669 1.26061490211783 1.34899730752028 1.42411653959102 1.48029743830132 1.51996450687038 1.53678074855429 1.53246200108346 1.50871300248465 1.46440829079682 1.40361647522234 1.33042684765989 1.25054052576252 1.15813956956658 1.06377920095781 0.967084902061841 0.872993068724489 0.78220672682797 0.696948646534724 0.616742388685039 0.541944113391935 0.476109093210835 0.414682469817931 0.360323153747864 0.311697950701633 0.268645295685389 0.227228274509099 0.196757563784711 0.168283851425353 0.14328408631644 0.121987007659643
3 0.221378293933087 0.282853026198825 0.354586799917723 0.432521654428855 0.518988876618206 0.610684698956516 0.707043248323233 0.808227433096381 0.909967666377547 1.0137271857872 1.11445705390091 1.21159058587972 1.29655403821413 1.37469663576323 1.43394518233195 1.4749310951654 1.49615572950307 1.49596638047692 1.47343321356695 1.43490399741746 1.37836932273037 1.30671385698876 1.22513939652084 1.14133607479073 1.05017662254248 0.956400252572935 0.864032708662171 0.775240203025626 0.692347235483685 0.61115181294273 0.537807276634694 0.470982185605641 0.409185459628814 0.358764585100081 0.309658112281493 0.265924208177855 0.227587250457139 0.195073570414096 0.166958170744094 0.142096644890184 0.120561087186021
4 0.207160375326085 0.26624383240878 0.334036283188015 0.410081278265853 0.491521742753211 0.582251857884499 0.671301274220473 0.770197768457585 0.868681491681043 0.969362255424733 1.06825945826949 1.16488163028819 1.25015050411381 1.32882539566774 1.38842893394397 1.4337755499151 1.45561439489007 1.45948865204693 1.44156993109726 1.40411594463359 1.35247030996932 1.2833623151278 1.20622333259633 1.1241246803938 1.03441195166016 0.944243154782998 0.854177242626999 0.765751677581676 0.684103939946756 0.607553746435834 0.532999864941596 0.466703982701378 0.410587930914093 0.354959201288928 0.306204645510553 0.263706534346652 0.226588040680567 0.193749496769285 0.166309338155686 0.143215217640565 0.119780620981387
5 0.195334505065593 0.252594613946664 0.316807047389848 0.389279765308738 0.465920360942286 0.551117010371435 0.64091887639905 0.733075008721945 0.829106895176034 0.927369337225746 1.02760522791209 1.11812559840577 1.20618396362775 1.28539612358828 1.34682784615958 1.39297399507769 1.41710020728212 1.42206420370607 1.40845696462151 1.37670011170252 1.32640562732552 1.26407510413091 1.18957496278773 1.1059394888673 1.02169884799158 0.933141712578744 0.843275028998724 0.758859573813452 0.679424012722473 0.601634435756912 0.530289597726602 0.465639127821604 0.404120520921866 0.351571719300972 0.306694625343427 0.260626535635976 0.225205498574741 0.19222861034027 0.166463874229493 0.140744358271609 0.121262090442806
6 0.187256805350118 0.240651065688676 0.299812787700105 0.366564878198277 0.44010689940835 0.522282146070837 0.608176257552718 0.697111156746157 0.790465385673864 0.885162592816547 0.982366200676385 1.07670395880465 1.16263513668808 1.24256463061191 1.30742818714374 1.35388295879283 1.38204347354349 1.38926152951027 1.38048639645042 1.35090763985042 1.30373946168639 1.24316803813443 1.1728904197259 1.09279138163638 1.00880004929162 0.922090689755204 0.83681895677315 0.751620181865762 0.67020344962744 0.59613169585799 0.526762247374512 0.45857566677603 0.40075654102432 0.348985085690025 0.301800793130163 0.259342942499566 0.222771025740639 0.192039037766802 0.164593373258508 0.140363713259073 0.119932514514818
7 0.175483521281361 0.224893480948305 0.2821504543003 0.348923256395056 0.419112855071958 0.495258462551096 0.577151936643618 0.665038408322481 0.755840594214105 0.850432774604803 0.943965232039342 1.03635230506348 1.12506341845775 1.20258185075159 1.26749414480687 1.31688325879 1.34823869985801 1.35895253053521 1.34942904849802 1.32364380788989 1.28145245487933 1.22132758995833 1.15267822036703 1.07526017829893 0.99483758095458 0.91031835539196 0.827031337074355 0.743140708431724 0.665893118113615 0.58896729641768 0.520165176027733 0.456161950940511 0.398254641949613 0.346858810390762 0.300774645439008 0.258607540314012 0.22230075427814 0.189968084046917 0.163961341893205 0.139199556795834 0.116564881365871
8 0.165201367467313 0.215214388240062 0.268828512256744 0.330631687563838 0.397611359889795 0.470056880159068 0.548583428079884 0.632802797941338 0.720462343851886 0.814492308791387 0.907078007980416 0.99847942393562 1.08559206949237 1.16553968045294 1.23269106158335 1.28199157208415 1.3152490777295 1.33147541920216 1.3231659308379 1.30143721792887 1.2579977360472 1.2057070639234 1.1376543599823 1.0642830746058 0.983399423604894 0.900737978371405 0.818792392418139 0.736036517431143 0.657854298927884 0.586682509382542 0.518409006114687 0.454408167732247 0.396658879867715 0.344803692619925 0.297206344866904 0.257110232230585 0.221256456331554 0.190266569226885 0.160146461498098 0.137273963028594 0.117327149949479
9 0.157439433129866 0.203339361910127 0.252851498794976 0.314220390796768 0.378415365561876 0.446031999402572 0.523546872496254 0.602791915768327 0.689307097111685 0.77704317332755 0.869553770418646 0.963772998240724 1.05062864135316 1.12974754682556 1.19802890869608 1.25133876279124 1.28597800514069 1.30077944046171 1.30015145289065 1.27770873904024 1.23644993948494 1.18519536711346 1.12317048901366 1.05083555191725 0.972084605443109 0.890254647846461 0.809203520324562 0.730937519890555 0.652882903980786 0.581309245145429 0.512660353294234 0.44821264541327 0.392658248599692 0.342845191122283 0.297021961335212 0.256235056417376 0.219185800052784 0.188644055318541 0.161029382439857 0.137664262820048 0.116745708253716
10 0.148508348280084 0.192504784421347 0.239927593276958 0.297259767244515 0.358123986544904 0.425082393419843 0.496854060093948 0.574731411072529 0.657946457949464 0.744981106360429 0.83743729038072 0.92698576832923 1.01505497370156 1.09544972199902 1.16496902879846 1.21885494049536 1.25566873549225 1.27382112933899 1.27328118023669 1.25415945141483 1.21919379827425 1.16790635910332 1.10761985603921 1.03669976659191 0.961156695402255 0.881114488231198 0.80318802313769 0.722694904614474 0.648937204019745 0.57464808319525 0.507357651457339 0.448263108749813 0.390485882797002 0.341832059159149 0.295068343503795 0.25320151958655 0.218604498556988 0.185479815287351 0.16081107712305 0.136371358690766 0.116615979994276
11 0.140381722936027 0.182263430604707 0.228847453813097 0.281860240907762 0.340035664707768 0.402717942563682 0.471693877920131 0.549135112957164 0.627517779076262 0.715873242064488 0.806031011935798 0.89506417867719 0.983802573559118 1.06244843301194 1.13361197484229 1.19007009114587 1.22771484172679 1.24762903261398 1.24936978730078 1.23363531428952 1.20066814873773 1.15116080080005 1.09223269051129 1.02190030952379 0.949226877251734 0.871743316671654 0.793364842235025 0.717767449683758 0.642811533550986 0.570100890432884 0.504522155369817 0.443980315901936 0.388640042338848 0.338482133101934 0.291531819001954 0.251275699050847 0.216445227178989 0.18360978281272 0.159250596032595 0.137429302725636 0.115766695950725
12 0.136099142676042 0.172012827869741 0.216887436251428 0.266780823859407 0.320578295747322 0.382477206999083 0.449492290783621 0.521912285106772 0.60221934107353 0.687209571817205 0.774766303511257 0.862696123398383 0.948621377885596 1.03297535523146 1.10272917840959 1.15833606874752 1.20014594050582 1.22064359863231 1.22682855522552 1.21374426400285 1.18323255532012 1.13295817056991 1.07811002529826 1.01276050687998 0.938023355205893 0.863224530888799 0.786631968985625 0.709415387632412 0.637233160048143 0.56839227047463 0.502059576290504 0.440692627889344 0.38558575971271 0.336227785429215 0.291257717190421 0.250756443857445 0.213577433948271 0.183760664649044 0.15898685581317 0.134589113350096 0.115488404604713
13 0.126694449633993 0.163299680666818 0.205787168854759 0.253335488110614 0.305711265105243 0.362468022922803 0.428022441583811 0.497739295755241 0.57606318333037 0.656260538045865 0.745253521899054 0.834211026486848 0.921142632466894 1.00238601342728 1.07578002837876 1.13251668243026 1.17601623656434 1.20092431616217 1.20473669368902 1.19142027674763 1.16414860768001 1.12038193243507 1.06516404617411 1.0009019714186 0.929849177956106 0.855590494780389 0.777860503170524 0.702863080093161 0.633070510356097 0.563957132127127 0.497493539872387 0.437941680417586 0.38336468902511 0.334261591974254 0.289779055844593 0.251415936577101 0.215001411519856 0.183320759948694 0.158860661816811 0.134727081546166 0.114522439742011
14 0.120480754607637 0.154131972746607 0.193605583824279 0.241785551636487 0.288753365821659 0.347317400245827 0.407377454967818 0.475758174401587 0.552092323537782 0.635303505314371 0.718596768695334 0.806788133058201 0.894732481902281 0.974886875336649 1.04839901465474 1.10530801389041 1.15090979074003 1.17783170991306 1.18545730492913 1.1746539719245 1.14536855009794 1.10500018111607 1.05131718109074 0.989978189040685 0.917945948719911 0.845289067717684 0.771303591873433 0.698896765538166 0.628311199326943 0.558731521282059 0.495195808025191 0.43372672788568 0.379898847525862 0.332997199659314 0.28821828384235 0.247844787427229 0.213758464935944 0.182957340012506 0.157738482612232 0.134592675742027 0.114862287038284
15 0.111413699449539 0.146504070479414 0.18450880033469 0.226922175112638 0.27504089123862 0.328743744392361 0.390304130643824 0.454462671711786 0.529641199093541 0.60700693003834 0.693294938360132 0.780039955764263 0.867470489990439 0.948834522984145 1.01969644988572 1.08332903627671 1.12878402632413 1.15559113992258 1.16441536735452 1.1546539206481 1.12966780567305 1.0905733306334 1.04064575494149 0.977615783757099 0.909575761911745 0.838850879632107 0.765103667340337 0.692523801675939 0.622051491624508 0.554590503617437 0.490680540750903 0.431473067812756 0.37786032633564 0.330851145884447 0.286213022112724 0.247293736070044 0.211144098464634 0.18288834910524 0.156167650412684 0.133515023844816 0.114472261558978
16 0.107568301584826 0.137864847646651 0.175450134202209 0.215925957294365 0.26242438137057 0.311403083668472 0.370672441189144 0.434781111240111 0.505962607688241 0.584197928009283 0.667878520763567 0.754700945137925 0.841561266222815 0.923279277622125 0.998085302227643 1.06009694609278 1.10519366361068 1.13339821594329 1.14635789511211 1.13833028495213 1.11480657439067 1.07785926443864 1.02634727662507 0.967198420688257 0.9019614542941 0.830826786567438 0.759299769573529 0.686888349474621 0.617023347381517 0.551798183952745 0.4854407590237 0.428101281213125 0.375508540691241 0.327133045817581 0.283600824851645 0.24560140592059 0.212050324017158 0.180217397707991 0.156072386512235 0.131963068425075 0.110546942342826
17 0.0999314176818151 0.131437813080184 0.164653801261857 0.204954791304667 0.246171018337784 0.296576779199879 0.352878705778104 0.415309827554441 0.486209229704726 0.562107175059483 0.645784242433858 0.73175593340897 0.819231178577117 0.899873614422519 0.974994064604641 1.03610824971038 1.08404651832046 1.1162504936521 1.12925840429391 1.12370189543969 1.10120067004631 1.06423205472537 1.01457157314589 0.958422746661358 0.891654931725074 0.82399426371689 0.751598984693494 0.679989047223998 0.612015487973295 0.544723110067578 0.482433684967378 0.426359460057985 0.37527554336942 0.325836931823169 0.281294008978985 0.243608306635534 0.211354518508564 0.17845707389047 0.154518939232576 0.131412488797686 0.113773708004778
18 0.0967783361381918 0.125632931416792 0.156979552709343 0.191960503900987 0.234906819774303 0.281352365543601 0.335282450789958 0.398410215514098 0.46515931570388 0.540599353744088 0.622733011164918 0.708642459902929 0.794451029708061 0.879763856328454 0.952579842117176 1.01653003206232 1.06405550591074 1.09662996700003 1.11153700933588 1.10700152387038 1.08639217624845 1.05051906536946 1.00494560489522 0.947822492211905 0.883801467700382 0.81412092025559 0.745151872608069 0.677312916088847 0.607801805385317 0.542383161136661 0.482719370316494 0.423206576790313 0.370975672183491 0.323490334835425 0.282500542394139 0.241897447195687 0.209412925155343 0.17984292937365 0.155056485690983 0.132262415371278 0.110812908656875
19 0.0918934610450969 0.116623084281768 0.146511617294644 0.183122417182628 0.222956207579614 0.267967972750919 0.32172741808216 0.379018798855202 0.445783412059224 0.520304435117496 0.601339974842055 0.686441391345444 0.77566783226143 0.856709372366309 0.931026709230698 0.996365041802835 1.04370469281596 1.07850337394581 1.09278691851642 1.09282033990881 1.07211578638335 1.03855850359401 0.993545362584871 0.936636017487876 0.874474037028652 0.809077482319689 0.739633150111675 0.670704848336423 0.602866145839262 0.538438375054874 0.478678196759652 0.420889640026701 0.368390389894406 0.321072301975443 0.279082490601408 0.240853243731831 0.208380618224392 0.178764371066356 0.151700339313092 0.129939554554918 0.10879610173247
20 0.0858799410019498 0.110851834486715 0.140003272720037 0.173334993521973 0.212390947147806 0.254515741963347 0.306206981800748 0.364797344890849 0.427970211559294 0.501957920499274 0.583571649578929 0.665511312535179 0.752300545667779 0.834385889347003 0.911525917181254 0.976925982735831 1.02775606799196 1.06134235572087 1.0771624314141 1.07698756710749 1.05811100481707 1.02542950854036 0.983943670496421 0.929138180263631 0.867588890191822 0.801915841925715 0.73189355035578 0.665601821210867 0.59748677184179 0.535336742887169 0.474778659074933 0.418274664187952 0.367476388057851 0.319490973969533 0.27903793335294 0.239050801011552 0.206781565700004 0.176841454510882 0.154140909640097 0.1301901114254 0.111736224411919
21 0.081168496280502 0.104856699649094 0.133000325610139 0.163924828356714 0.203149519844872 0.24384091880589 0.289699933123181 0.348737581861916 0.412495578314159 0.485265077289723 0.561701001709096 0.647867958435785 0.731791267224871 0.818121010530809 0.891127332864721 0.956316307932349 1.01034879596479 1.0440367975403 1.06260603167195 1.0632206839205 1.04700552853017 1.01843219605824 0.970374703472462 0.920004296033668 0.860246046474839 0.794345169561888 0.72678337369028 0.659753790330247 0.59427728428047 0.530806185603041 0.470567900612286 0.414861144392524 0.365413325961647 0.318135080738284 0.274222397331751 0.239718185323741 0.205482943971451 0.176887400401645 0.149650056888701 0.130032473788081 0.109761586702317
22 0.0786737575705266 0.100998486447053 0.126535607078954 0.155443958807864 0.188818634014923 0.232068569716942 0.277412275873662 0.333427413091341 0.395515088454562 0.468043400641098 0.545503407178258 0.627538447668846 0.713695975203912 0.796198859230747 0.874617925143157 0.939091679419073 0.991155892594621 1.02865539202055 1.04622463397499 1.04618840448908 1.03486178037285 1.00348695776936 0.962537500719752 0.911624521175062 0.853093007576408 0.788385127224885 0.72060901335611 0.653196038605277 0.589757264719513 0.528235518389305 0.468997439019699 0.410464788935671 0.362425923429447 0.314463597499704 0.276671663440449 0.237518684204118 0.205110953761062 0.175367689038105 0.149755846880361 0.128722955748965 0.110694719161309
23 0.0721361639512478 0.094204904003377 0.11848302698138 0.147559168545678 0.182631982698225 0.221071827986196 0.267135348517834 0.318925726203497 0.381025173480654 0.449086112977724 0.527850524516732 0.611890774789882 0.696701246724052 0.779201706948196 0.856224179533556 0.923630242910064 0.975856039370175 1.01281727993955 1.03183629720644 1.03426758788862 1.02309741461496 0.99317152571486 0.952773628514112 0.903065714443677 0.845181947896361 0.781486599798144 0.717766533823796 0.650137356240301 0.586302755216914 0.524178269370308 0.463783921522 0.411397151127934 0.361197471194541 0.314510502305065 0.272025870707161 0.236372576048045 0.202980167028154 0.176398201150335 0.150070334404314 0.126081905254336 0.108383648984315
24 0.0696350418680211 0.0905147589192356 0.11290031945416 0.13993249033358 0.171708989454045 0.209433411243039 0.251732429348693 0.30557938117165 0.365936567569219 0.434517816275664 0.511791859588191 0.594210773936399 0.68027531848496 0.76324119817823 0.838582588697989 0.906205214117533 0.960199852353609 0.999166517084381 1.01948318478592 1.02336271613188 1.00932659477231 0.985210895806431 0.943604491219133 0.894920231133776 0.83732111404867 0.777293710699429 0.711105791023972 0.645724956563698 0.581647395911749 0.520330895288616 0.463499839249406 0.410538528948322 0.357400908605196 0.310849244265749 0.271297014652438 0.234855860977987 0.203270562060967 0.173664472213085 0.150850984524276 0.127866315726157 0.109190374065071
25 0.0661247013704784 0.0847338585803408 0.107352508018228 0.13427881620138 0.163937114941334 0.199181499346927 0.241869577646479 0.290962909039903 0.351191445185177 0.422097574053829 0.496390097537214 0.578788948408529 0.663769420894725 0.746934527817102 0.823921533203052 0.892282205280911 0.9449430197539 0.984628659010335 1.00742733902626 1.0087450105246 1.00051245113501 0.973937870416562 0.936090889601432 0.887237006923074 0.829608577602119 0.76984817314976 0.706002208518333 0.642039229281174 0.577383933513456 0.519139831097961 0.459982154016074 0.406132060214144 0.357372780605005 0.310806332397123 0.270862867181938 0.233413412188736 0.201044867645333 0.171813397844462 0.147778242982664 0.128010264082579 0.105868492266955
26 0.0628759882728307 0.0796592267263506 0.102531955697531 0.127212020481498 0.156823510560173 0.187060467372952 0.231748248975762 0.279402130855369 0.339267171832696 0.407993270815012 0.481032611553276 0.561654511389933 0.646477278046538 0.731344895250283 0.809116641444135 0.876999511186208 0.93116807386025 0.971157373803529 0.993096356238924 0.998957747439232 0.987689969236787 0.962618915493794 0.925008328300089 0.878517756057587 0.823442821738039 0.763482478046174 0.700669071613201 0.636661441473423 0.574133170832129 0.512435115958223 0.456165182273851 0.403256079866211 0.353132471127556 0.308331763349447 0.268817675466647 0.232568779871827 0.200944160057008 0.172863636507178 0.147828275843482 0.126102066175635 0.107628323816053
27 0.058710423682423 0.0768872320668346 0.0971158312729509 0.11999277443265 0.149587557917008 0.182085488502648 0.220344079411555 0.268839851482175 0.325912030431407 0.39221065004528 0.467295630097206 0.548775687309575 0.630725667757159 0.71469110731049 0.792405855450154 0.862611734325789 0.917464852543035 0.958225596044569 0.981397558726876 0.987412986731339 0.979067668080277 0.955097231430137 0.918148325638715 0.872778667262355 0.817833866427231 0.757760735495031 0.694350916039882 0.634024478852061 0.571152132232725 0.51079117846019 0.453560954255549 0.402415712291747 0.352676039183233 0.306685841857602 0.26636254481078 0.231199805236042 0.201311061451259 0.171989889761027 0.145907490384846 0.125331049071764 0.105331362961884
28 0.0558553691435834 0.0713873257236017 0.0911318570481841 0.113963464365862 0.142253286990274 0.172027650953756 0.213133777417909 0.259015414544611 0.313113189481099 0.382548350229661 0.454186933409097 0.53527380581521 0.619205768471083 0.700101701109922 0.778327181989406 0.846866951146356 0.903521811708159 0.944694174907209 0.9678473453703 0.977625485809492 0.969847933023951 0.944911317867545 0.911013174339312 0.863175522360838 0.81241868410246 0.751562874835375 0.690012670363835 0.628472670225662 0.566633693981215 0.506659271284914 0.450270726028669 0.398906392087683 0.349179881320885 0.304822546786346 0.26325803459745 0.229456507994273 0.198159447551917 0.171093015773226 0.146946635683518 0.124982113182181 0.106933905823083
29 0.0517575724290942 0.0677510692759683 0.0868326016959406 0.110024152752029 0.135665247312289 0.166671190667312 0.202226630017217 0.250046121395811 0.303144355783499 0.367785120589808 0.443058629816261 0.523813844088538 0.605395699124946 0.689400166752111 0.765084427316865 0.835638868099064 0.891251049873716 0.933657624179848 0.959274828974508 0.96669732391578 0.958367433401057 0.936519886836999 0.902659067842558 0.857519729633794 0.804666778492884 0.746909806369246 0.686684846998202 0.624719957932753 0.561968453169442 0.503934852941829 0.44893317624612 0.394975732567072 0.349207608741728 0.30302598953349 0.264205085646527 0.229836073024002 0.196435700213411 0.17009988838349 0.143578457724685 0.122595195339087 0.105261939616663
30 0.0508675373270038 0.0641516066042941 0.0823271938188262 0.10133795041494 0.125293695665605 0.15713855769757 0.193744406916408 0.238209707563823 0.292034671274898 0.356818073640878 0.4311159430669 0.510577165597141 0.594261070060948 0.675074116978126 0.751187552902342 0.82240468233978 0.879862175863265 0.922525810575196 0.946757826854562 0.957469905747061 0.950575689111433 0.929152212714721 0.892439232193159 0.848093257345542 0.79776309429889 0.740268002545542 0.681391000400209 0.620705194736325 0.560543585873572 0.502498799181167 0.444912070708493 0.394580082091148 0.345905482792528 0.303156210148878 0.261842594006134 0.228430754053144 0.197031949959832 0.167052619610007 0.144785645413577 0.12298616141657 0.10547238033289
31 0.0466818830422277 0.0621722230349185 0.0769943172828677 0.0976624306413449 0.120647765797824 0.15031346644 0.184368553567322 0.230349310613313 0.282312769999038 0.346889835727521 0.419530861751734 0.497286195031855 0.580717643234995 0.663094234671024 0.740618508003848 0.811681975520242 0.86813289342001 0.910731654530329 0.93726363407391 0.946056367740444 0.940216431640738 0.918964104415761 0.886261162796298 0.843465058759923 0.791153798914327 0.736140145978184 0.677425995277624 0.61640220520429 0.55529749757375 0.499835566801164 0.441813796748554 0.392180307469557 0.342929491201327 0.300069434074262 0.258336528686531 0.225889391700278 0.194517847975196 0.167913000438815 0.144925232996287 0.122051700587656 0.104450938353301
32 0.0437332500971825 0.060100953528404 0.0761247082661059 0.0932150732650799 0.115036413432774 0.144340459566593 0.178240455262242 0.219220374579756 0.273299626274933 0.336273604620752 0.40884611585445 0.488554425470864 0.570171636004678 0.651545497479974 0.727482136030169 0.797828531773393 0.85550082090252 0.898674293678073 0.925701852401675 0.937314075142461 0.932160276490601 0.911049247471608 0.878509440807851 0.836793695049427 0.786123744837808 0.728907884895584 0.672349832914503 0.612367812257994 0.550524653758323 0.494055297439301 0.441194878032562 0.388100662004748 0.341611605932638 0.298934136325069 0.259482099735043 0.225012836227926 0.194645642198452 0.165477879696657 0.143771195322566 0.123762412652707 0.102572552074503
33 0.042011857720979 0.0535869229494991 0.0701330770526576 0.0881689467212429 0.110386699621458 0.136277193233605 0.170289400344012 0.215631686558204 0.265809973161259 0.324871968056784 0.399812221441209 0.474307209971569 0.557440810186194 0.63809737581266 0.719100828809122 0.787754873026025 0.847181259987111 0.888733623260934 0.916234328746581 0.926783043088602 0.925588417449948 0.904183087612889 0.871464675565893 0.829930285702595 0.78232601966528 0.725413442969739 0.667436899131441 0.609289584488443 0.549248769178486 0.492885887792627 0.437925695963657 0.385257127110714 0.340423245294014 0.298239262151877 0.258900901031136 0.223764547264287 0.192450082644537 0.165818105547098 0.142974266407173 0.12268536258661 0.103489585559827
34 0.0393696757088167 0.0511794152011085 0.0667895616029596 0.0830577755730967 0.103644438387122 0.131278521073247 0.163469588315106 0.205196240900266 0.256045511753887 0.316278619606533 0.390556930910032 0.465747526294075 0.547043861593991 0.628966469984051 0.707550022731488 0.777415868708191 0.835429785155658 0.878651863677177 0.909602840283763 0.91977423961394 0.914988117450557 0.895235285545805 0.864605957086811 0.822632575688041 0.773698262379495 0.721842137590833 0.662708243363222 0.604668086714896 0.545775368706511 0.487219830686815 0.435807027470546 0.3849585636262 0.338286648573725 0.295797739680933 0.256469389135722 0.223076550443053 0.19199004788472 0.164976520268665 0.141515714243629 0.121512145946415 0.102959009822006
35 0.0390750778965547 0.0482685026555144 0.0615547981384265 0.0797878302574489 0.0991428204025216 0.12623222910304 0.157093087858064 0.19610888950897 0.247868935916648 0.30954069457561 0.377995156819305 0.455882950868442 0.536774675915336 0.619685256521059 0.696436891818975 0.767308068810172 0.826338013517891 0.87057845551099 0.900172057029738 0.909299261296978 0.906267061070417 0.889107213550569 0.859443757415083 0.816158312564686 0.768682112935243 0.715457652315386 0.660717232228169 0.600111711356213 0.542690887943644 0.483696966142652 0.43157009426522 0.382072961950966 0.334719265122092 0.294123208475644 0.255704961073432 0.222486820087609 0.19116256612959 0.164095681149148 0.139616023103546 0.119551646647113 0.101213949485544
36 0.0353334070107215 0.0454361067614754 0.0594100582833051 0.0751879917987188 0.0948660144887146 0.119788659134319 0.152179947007585 0.192032512988774 0.23949935304912 0.2978274813561 0.367807428496362 0.447255021093099 0.52883224816682 0.609461968836204 0.685864682240095 0.756634199604738 0.815066730980638 0.860773451736835 0.888569381050881 0.902867708728292 0.898822202933197 0.880375969112747 0.851102470543045 0.812000820553087 0.764644510092988 0.711757405367549 0.654297658078012 0.599142550576355 0.536323804475165 0.482683937170692 0.430923052780798 0.381019694525276 0.335851729588394 0.291381974429702 0.254764894239813 0.219172184003613 0.189597674788699 0.162511784620544 0.141210295890017 0.119978999370626 0.10132835389109
37 0.0364395209800935 0.044445130155592 0.0564006451414869 0.0710274903171832 0.0886120964136641 0.116197456749685 0.144448112463054 0.185566878806896 0.233135676877145 0.292860972946111 0.361594113083078 0.437791831262281 0.518776128437118 0.60072768694114 0.678019470315436 0.749471705941779 0.805980709648119 0.850888348891598 0.8815090389954 0.896687035435947 0.891238471506396 0.874144354685189 0.846520418430862 0.804518279305703 0.755981079859658 0.708463277423185 0.650211687699557 0.594211526164567 0.535422615662233 0.481006310331879 0.428745115429229 0.378587548045985 0.33261994822135 0.291631094319643 0.251265166626387 0.21881144236725 0.190731749596618 0.161738389139332 0.138347450985365 0.117207322265712 0.101297615471637
38 0.0320945578835653 0.0420883218501862 0.0544824906471575 0.0680865336856405 0.0865995944372501 0.109037724868497 0.138851182003545 0.178791961772581 0.227272844905639 0.283427340693757 0.352228822819467 0.428685312547342 0.508529437176372 0.58997414111999 0.668689668950584 0.738869736587914 0.797623540795611 0.843836382662389 0.871639651594438 0.886092919946524 0.885025421957744 0.870030289232593 0.83947164446652 0.800493552143314 0.755321166257971 0.702819416283874 0.646693123002584 0.589349184431931 0.530218444559364 0.476933396892539 0.42583431599523 0.378165331988551 0.329167200202677 0.290679138215807 0.252942970828529 0.216509932922542 0.187702843059377 0.160849676015808 0.13927988850446 0.119186733541282 0.103507817035857
39 0.031477550841058 0.0393696709278555 0.0514176426878157 0.0649236021327486 0.0821648501323896 0.105628728091672 0.134231725312105 0.172959002506157 0.220472048603955 0.277490294606581 0.345618484344555 0.420170179377271 0.500816781573527 0.581645337402155 0.659129378885763 0.728487738350751 0.789158013119016 0.834626543664034 0.863940149915248 0.879047572742129 0.875878920319918 0.861965248880298 0.832110481253634 0.794004799754675 0.74862507773466 0.697906787181474 0.642547318408992 0.586419525017755 0.528942352144479 0.475114382833269 0.422005496405945 0.37598035758153 0.32975276844749 0.288263714621312 0.250276655281579 0.216355225224635 0.18703455375192 0.161950329846458 0.136963577952264 0.118188449455389 0.100036762053238
40 0.0283631312482729 0.0371550264869786 0.0481193007286775 0.0615931936323786 0.0794210945931209 0.101086285433311 0.129425456522409 0.166115465740066 0.214152520455623 0.270754561984716 0.336750510729629 0.411505039842492 0.491752183629453 0.573419587292481 0.652499635035573 0.718727799775782 0.780951679965158 0.82633443153728 0.857387424192912 0.872212086613299 0.86943184655929 0.8547287446831 0.827554488250585 0.790553668992269 0.743700050810812 0.693601451530716 0.636935975160427 0.58375574040976 0.527279970085969 0.470804369365938 0.422008829209805 0.372852050594973 0.326859313976907 0.285824134521611 0.251823774293427 0.215997023027142 0.186749678759968 0.158514030312961 0.136882148212061 0.117516872843216 0.0980336551125865
41 0.0276236457476039 0.0363234619554992 0.0463427143165 0.0597409640031843 0.0737937459299942 0.0963947069713374 0.122459822818807 0.162246614485857 0.207865282708242 0.265518319086046 0.331378238668375 0.406580008297135 0.482206014275409 0.565115030284365 0.641024197026114 0.713088817698745 0.772915432169214 0.818168572202927 0.848760969045721 0.864259820000175 0.864042005573858 0.847356778013797 0.82257343624663 0.784935751873654 0.739638240385935 0.687083250341066 0.634268343030001 0.578773743006714 0.524917677833289 0.471401531702854 0.418141701697466 0.369597140104202 0.326250467650109 0.285413900472375 0.248960394250293 0.214342575656758 0.185819141531482 0.157383016765727 0.135615841406352 0.116269561130338 0.0992500607573286
42 0.027079760483501 0.0317890626962059 0.0439083688859129 0.0566366486191953 0.0713652144629352 0.0934990975820755 0.118363861716875 0.155557268321175 0.200527712514195 0.257572839756548 0.322961365877335 0.398265071604505 0.476693521833771 0.557215643592439 0.634938997101209 0.705905522804277 0.763706147801802 0.808939881217657 0.843035047905972 0.858006405820522 0.856697960587556 0.84308996589158 0.816044410112531 0.778345974499689 0.737047231298719 0.683226954539939 0.631197554715315 0.576731717968472 0.52099372284263 0.465429236643305 0.417322558583884 0.366811628042899 0.324479117701242 0.280653668161776 0.248268104356453 0.212512543366748 0.184289754862029 0.158955184691224 0.133881963897689 0.116806604685283 0.0984492291542197
43 0.0259550363096424 0.0333733630024423 0.0423631187640542 0.0538549380347163 0.0693511458502731 0.0882909608379228 0.115454399115658 0.149016734695383 0.196567319355184 0.251575367312626 0.319727585567571 0.390874890385013 0.469793862504072 0.549326617673916 0.627610675865679 0.698197919985801 0.757811733218692 0.805928522207151 0.835422923885803 0.848874437327548 0.852538726440022 0.835146001589308 0.811019067480481 0.774693771429118 0.728597876429449 0.681951010083881 0.625589910294906 0.572960770917411 0.516956291728201 0.463946910463016 0.415512525730437 0.365723304679107 0.320390945207791 0.281055240920882 0.244846322373858 0.212350528468005 0.183068357253822 0.157049577776094 0.135182717954907 0.11692502766913 0.0977028877928322
44 0.0230419425452001 0.0305040081292695 0.0403643251513002 0.0497972922770825 0.0633314119958354 0.0846995679962231 0.112183052400067 0.148182087094293 0.190542090696102 0.24731330717075 0.310761807695569 0.385896480202153 0.462831935458425 0.542924806745763 0.620732462189156 0.690176598190795 0.749437301317418 0.795305020475561 0.82583840618818 0.841289359369224 0.843959340117017 0.829746155358825 0.804910650732792 0.770709670756523 0.7243115217825 0.67521671373934 0.624278963159725 0.568152630859584 0.51516205636506 0.461622247694314 0.41188237494572 0.363060866146309 0.32098444934813 0.280299652480937 0.243295153407641 0.21074668053793 0.183282856583524 0.156347091148164 0.135274377678607 0.113011852664991 0.098407345967766
45 0.020443776610369 0.0296678538985507 0.0377550000781202 0.048937833985186 0.0630338932117642 0.0816095643064915 0.107625950347742 0.143072397025401 0.186062078131455 0.240689005632412 0.30697172065089 0.379541866532843 0.45766972819422 0.535010614644201 0.612058836358198 0.682666166192347 0.742907379686403 0.788810664380365 0.819740787799916 0.837136280114741 0.836827811142545 0.823366160091314 0.79924681742583 0.764417329730063 0.721001576198854 0.672779070841912 0.618350226759124 0.563943331813025 0.512098912995558 0.458542818359232 0.409513441623745 0.363166145008421 0.3181469987644 0.280819141301498 0.243034339762858 0.210042503499615 0.181682449161802 0.157440202981386 0.133968038510155 0.114342370367721 0.0975456792406838
46 0.0205814895508747 0.0272367681452477 0.0342245221234354 0.0458033263025804 0.0594595672271718 0.0789515620678428 0.103109783132826 0.138431542223553 0.182749183398738 0.236441868100067 0.299340783707248 0.373044011982232 0.448969550465132 0.52827680729744 0.607263797361425 0.675844436168131 0.733730264303694 0.781501566070793 0.812974766365219 0.830071254020832 0.830462736020793 0.81808083053346 0.791662142262245 0.759254250159792 0.71439560043087 0.668075814414314 0.613888405257895 0.563457579274497 0.50932090612955 0.456522008849196 0.408728996674944 0.359721673478104 0.316599549684634 0.276132747531002 0.241532256478819 0.208711350883671 0.18140263729339 0.152486722985011 0.133222768378578 0.114085845417155 0.0969418024319113
47 0.0195019192313597 0.0259274169667718 0.0332918376804981 0.0444267061270684 0.0556400109826961 0.0743366616641217 0.100006623525344 0.132449554195464 0.177215889029539 0.232081434188532 0.295339794094596 0.365377480473995 0.444123883491455 0.522869271293149 0.599342829213116 0.670309489194186 0.729090819483411 0.7762615645827 0.808228333780918 0.823537409987849 0.826761346765979 0.813947245764167 0.789600248166563 0.753332622107589 0.711531399309111 0.66230355660725 0.610848995884353 0.561900423656224 0.504855241931649 0.453840988368658 0.404154562533111 0.358720392877829 0.315337700714418 0.275109352522886 0.238645529926216 0.207351123499757 0.179018989226011 0.153350693551565 0.131509145523344 0.111838568500248 0.0969664573821357
48 0.0187038174269763 0.0242731481030022 0.0315548013812747 0.0418811611646698 0.0537519061195565 0.0710874826386215 0.0978566928495198 0.130864659049431 0.173295329172017 0.225633449916568 0.289391050501379 0.362028637403046 0.438923492359669 0.515977273299885 0.594237272496248 0.662724114557156 0.722548128038549 0.769636324892342 0.800444576752214 0.818069210873148 0.818905517182933 0.807015295550444 0.781914145900274 0.748401058980167 0.707462407623982 0.660399583948786 0.609847606656159 0.557520910132992 0.50256333103119 0.451677292430685 0.403591549130654 0.35716135218761 0.313902941781682 0.273892928570421 0.23976418931554 0.20816103110138 0.180669966214984 0.153456899613952 0.133214847877977 0.113367138747287 0.0952141695968212
49 0.0188358513468311 0.0227297305114251 0.03186181821652 0.0391362393256999 0.0512609724436905 0.0685981181594827 0.0944884858226375 0.1262091144123 0.169327997915816 0.222660402587354 0.28564252828663 0.358865846384195 0.433125884249285 0.513688311206173 0.586871168019517 0.658401752489197 0.715830196697134 0.762488139877757 0.79401475775737 0.810869072401573 0.814146943680771 0.803753929325322 0.777064433550316 0.744491975571404 0.703215612816274 0.655265140149809 0.606148540600355 0.55303402304884 0.500340765047604 0.447861189764866 0.401015370547472 0.355732972948338 0.311903650661099 0.272474952863289 0.238202944874107 0.203793536629528 0.179292270137256 0.153367555155592 0.130068949785928 0.113400719882601 0.0954923312461669
50 0.0158062247759625 0.0230957355853731 0.0286128017114004 0.0379332163383735 0.0501734612879512 0.0664944838877047 0.0895705986969894 0.124095049967321 0.165561096890613 0.217279483391748 0.281632308713678 0.349745203882722 0.426989072889377 0.506056449500832 0.580343753988246 0.650225994140115 0.711070358535843 0.756463529194803 0.788716275918814 0.804978987991249 0.807778427668499 0.797214436212901 0.773976606389286 0.740771033233444 0.6988123466203 0.651510132481094 0.603756406554258 0.550191913227607 0.498240229882816 0.447617010797266 0.398196670576652 0.353789020472929 0.311118712314755 0.271778541900758 0.236761507526032 0.204799170342906 0.175823500445825 0.152982477217275 0.131423158961392 0.112731105215872 0.09652417149903
51 0.0142942062921675 0.021035837104815 0.0267473132185658 0.0354403184841026 0.0494365200819308 0.0654047608972736 0.0888582722017998 0.121635944345279 0.160292171347459 0.21405095301419 0.277554853985969 0.345790900512373 0.42362018759434 0.501120575392649 0.574450666088589 0.646820099521971 0.703708396921952 0.749040247567395 0.782295789817677 0.801516330508938 0.804130792540235 0.791785407148007 0.769046581323714 0.734576421620986 0.695308213469475 0.647619790618426 0.598147967494827 0.549565935933344 0.495973498224414 0.443235604339286 0.394738792437116 0.350790996345729 0.307387335680348 0.270558546717137 0.235133371841622 0.204133648023056 0.175537019418263 0.152563642163489 0.131183472177304 0.111061848698837 0.0947655093027978
52 0.0158626628498833 0.0186548043969171 0.0280238783856402 0.0340157764640645 0.0461103265196313 0.0625908164024572 0.0845000721250574 0.116072002833976 0.158257381029372 0.209258017681053 0.271763232616861 0.342851721413634 0.420069267609503 0.494395394402761 0.571340065732744 0.639530932404059 0.699746095119021 0.746363355065919 0.776638014790751 0.795979171348598 0.798268927464623 0.785381664672221 0.764169471256051 0.73022420574717 0.690136425816738 0.645454926138877 0.59443857003019 0.545509814567081 0.490062068102522 0.441681966520323 0.395290441869103 0.34921886316328 0.306601997533343 0.268231776307513 0.233258024952346 0.202304845889326 0.174226869564726 0.1506701536876 0.129876781082187 0.111831353614225 0.0917923153743257
53 0.0142680418721632 0.0192655129473752 0.0263384375131042 0.0344685615554753 0.0434512299281006 0.0600589832328422 0.0831658689244895 0.11415955441089 0.155380335405221 0.207600809424666 0.26631591612168 0.337394953611583 0.412597344182573 0.48827941328872 0.564832405884032 0.633688344304262 0.692317876448343 0.738736962618477 0.773003878589021 0.789166511080204 0.792415553107397 0.782022172135503 0.760811062713888 0.72616045410322 0.686708806761887 0.641513579287011 0.592561521820369 0.541150375418822 0.490100955627827 0.44091372501013 0.392924175401337 0.346746335082168 0.305816751400556 0.26745971123764 0.231815263930657 0.201562399844486 0.175342806575346 0.150219711257789 0.126645675352119 0.109964574669594 0.0941184111941785
54 0.0139019984801654 0.01699305631125 0.0234444222380119 0.0326947671227742 0.0418945457680378 0.0586885053239133 0.0800052666215467 0.112190962790429 0.150392922992894 0.203406287884589 0.262734427405055 0.333366449417771 0.40805803302069 0.484342030737175 0.558314980048561 0.626823125007221 0.687237307160997 0.733472187551491 0.765288802060383 0.785287738689567 0.788620983788402 0.776666934410784 0.755443751076953 0.721649760453681 0.683430408286079 0.637624098237621 0.589226259375277 0.537905893822455 0.486640135883402 0.437148245901083 0.389919061527132 0.345526454949026 0.304013822053414 0.266096400565869 0.230600231062614 0.200703899516067 0.17348835569943 0.149465414905156 0.12754896099396 0.108746566077176 0.0909572531481957
55 0.0115083224878202 0.0148146190238714 0.0229222831943392 0.0294600924360809 0.0409838783615164 0.05696231100431 0.077649939979821 0.109257694468466 0.147811137439408 0.198799254694475 0.261671713764668 0.329100789634005 0.404777621957444 0.481197892914775 0.554403581860461 0.624089726311221 0.681251978897112 0.729025117307951 0.759256132430547 0.779450293832044 0.780510509360042 0.772559598875348 0.749316011369319 0.717938512785009 0.679132843518362 0.634209883624103 0.583222348085273 0.535875472175941 0.483858890549999 0.435129434655229 0.38846902176522 0.341988985024718 0.303831947504177 0.263632401744375 0.228021897970672 0.199736756560129 0.172485505184828 0.149427696218458 0.126905105639598 0.108233741457913 0.0905566660822313
56 0.011458302238589 0.0159889667956754 0.0201850661617618 0.0280580091397361 0.0389972164399644 0.0524171944319755 0.076183948619123 0.105659428355003 0.143378819127934 0.193097940071241 0.256192933284357 0.324404237827516 0.399825322996553 0.476444328458687 0.548845649683252 0.617747387648522 0.677221091850027 0.722553660973333 0.756885183192847 0.77385338206182 0.776944472362567 0.766172816359666 0.744319767205358 0.712689609241101 0.674873530284315 0.628073849539151 0.581580987433603 0.53313992067473 0.481337129127958 0.432693083945154 0.385039098216256 0.340368155036016 0.300853487747587 0.261816488043769 0.231117657919246 0.198615429977256 0.170655668293752 0.147543820087709 0.127629465308137 0.108659734571529 0.0914713248852531
57 0.0113060609436961 0.0151899984878051 0.0208825040466684 0.0284925789244121 0.0379890700288715 0.0520660719601421 0.0759895029932887 0.102614862525739 0.14294121295957 0.193898096238964 0.252142798974054 0.321512168216184 0.395433896226896 0.470031071214872 0.543499397572253 0.612171221894339 0.672184008516282 0.71745619991757 0.752076867766335 0.766764766673793 0.770852207353025 0.764125562472094 0.742499477801932 0.708201978414847 0.670915594881706 0.626379405923104 0.578425882540115 0.52908377949978 0.479205326823894 0.430423839527092 0.384271018884722 0.340542670195602 0.300450807082871 0.262125555727308 0.229090386269634 0.196153626032184 0.172324606822896 0.147176259919745 0.125024486298987 0.108435823221391 0.0926455602055064
58 0.0130170008104623 0.0149694776484609 0.0187603183619506 0.0260753161162722 0.0360819165546724 0.050267624018675 0.071474723911787 0.101502124381774 0.139893381812963 0.189432672839616 0.249735862211178 0.317452510122848 0.389580659229807 0.464527844464168 0.540508265947319 0.606935320812901 0.666875804667554 0.711012891254085 0.746796698879956 0.764700770258291 0.767570307411906 0.758173977802672 0.736319719145964 0.707063775068041 0.669431140332244 0.622357225791412 0.573655114257602 0.524906711657526 0.476546525601034 0.429760222225265 0.381578315497859 0.338342121475365 0.296059037196963 0.260450387210911 0.225912117503636 0.19842666451812 0.170864875266198 0.145931192745508 0.125374566745552 0.105780204085675 0.0908733643743216
59 0.0120837969033315 0.0151498124234348 0.0182570124848498 0.0252899057804076 0.0346240424321391 0.0501515659953009 0.068795649683211 0.0993514314034788 0.136365515508178 0.185409799398753 0.244580331955034 0.312569906967985 0.386482419488464 0.461898782146719 0.53508543839992 0.603302214653827 0.660856958675748 0.707613194738132 0.740028264273374 0.760320970059861 0.763458763151121 0.752316000525661 0.732244633380965 0.702147422412206 0.662999282766352 0.618724548465563 0.571977995322108 0.52303127388485 0.474200156201006 0.428014440474376 0.379980631627541 0.336720905021271 0.296142206044848 0.259098981753257 0.225583301776929 0.195780244216688 0.169256393084417 0.145760999985585 0.124387813156359 0.106729439643011 0.0906756533860677
60 0.00984919793451106 0.0139960125874175 0.0166904241301986 0.023817043128349 0.0321308945478502 0.0469196249248 0.0688337459823451 0.0957396753015207 0.134616048987475 0.18411063844139 0.242477240382212 0.308446855086135 0.381806628831403 0.45784037118066 0.530451622559826 0.598232780369981 0.655884606749707 0.701716277096589 0.736842809682752 0.754068774967316 0.758264929233778 0.748819817180938 0.729218618469182 0.697909015106987 0.659307885485293 0.615251676336077 0.568220818359806 0.517532400604882 0.473119106068342 0.42275865626216 0.37795061715628 0.333629485289396 0.294746319578896 0.25950291543521 0.224262056527321 0.1942789437932 0.169680956788664 0.145428760887616 0.123777503771563 0.105283948041743 0.0894870099907058
61 0.0103672009996918 0.011658874532151 0.0145721625092581 0.02404128876958 0.0308904009916495 0.0459900979743061 0.0657652609746515 0.0929931571722183 0.131335807117387 0.181372350132597 0.239085892303532 0.306809955246139 0.378456985551544 0.454970500643532 0.528221653086718 0.595166256527659 0.652191570689883 0.699116708490126 0.730597423524564 0.749041507325434 0.752437771232926 0.744424943312641 0.723392113812996 0.691984118015733 0.656114466266108 0.612307146586566 0.566290758061979 0.517268205394101 0.469023016923234 0.421963695121223 0.37516244270542 0.333346055104909 0.292105756445816 0.257603853301987 0.223157843636056 0.192641158038359 0.16729853705807 0.143712227850699 0.123390637362434 0.105528101498452 0.088904914005696
62 0.00825065815792116 0.0123690349142472 0.0145179294002512 0.0221882531427252 0.0299046339394624 0.0455968307490221 0.0643899720776209 0.093208931648408 0.131441470703439 0.178355554138238 0.234504827039773 0.301412643335085 0.374818949233495 0.44962781714367 0.523041058382102 0.590169860218587 0.646951018210266 0.693539466216379 0.726495550248092 0.744623862947185 0.748418770053259 0.740276323151558 0.719203895492042 0.68689609168079 0.653212060484453 0.608539915716534 0.563832547762181 0.514332997559813 0.46686739021241 0.418837842155441 0.374426881067617 0.333720380907947 0.293237169730719 0.255762658099895 0.222055901898571 0.193593173401879 0.165896357972157 0.142410764363597 0.122665733507345 0.103780427586866 0.0905432825094912
63 0.00798298982096582 0.011289589664343 0.0160171045556775 0.0207446734206762 0.0297338673990301 0.0445727740388545 0.0619370575682233 0.0908019237225704 0.127668058038975 0.177408284287226 0.23473639276798 0.29995785868007 0.373297776372011 0.4449049852395 0.519192018964417 0.584459568057525 0.642587764714242 0.689110324596976 0.720504119244223 0.740005393154161 0.743722886562151 0.734220080087878 0.714748270156241 0.686780924142079 0.64863469372028 0.604992664393587 0.55925821578841 0.512232201759718 0.46354819163881 0.416756549564369 0.37168095549384 0.330949776594579 0.289549730221308 0.25256904649275 0.221843257837445 0.191879757522081 0.162927982137082 0.141189205049533 0.122773038212538 0.10341119843599 0.0881182115121292
64 0.00783766891473229 0.0111544857033578 0.0131222451758208 0.0209796465807965 0.0286448370371047 0.04265663806679 0.0618207936310977 0.0883276004212327 0.126934891436608 0.173197880698636 0.231051234606905 0.297384736658446 0.367466241023326 0.44346947186142 0.516393402256431 0.580799249470015 0.639844263029156 0.686227626961718 0.717779569543354 0.734002184733351 0.739417402911809 0.732222894115408 0.712209775760397 0.682692660148018 0.645122710959671 0.601262045787625 0.557227007427834 0.507599329163348 0.462831597357851 0.414645815565873 0.37107238735425 0.327411591076878 0.289195043454336 0.251725327438992 0.219872738213994 0.191208881629305 0.163689644757341 0.140298044446028 0.120804553591397 0.103706148929833 0.0881084390014768
65 0.00609913607516477 0.00973559740541249 0.0132075870984046 0.0202382723569836 0.0298660710853554 0.0406329727965715 0.0585343953443568 0.0874156325807059 0.124194516126146 0.171969175937571 0.229234586375163 0.297049457480389 0.36605240740086 0.438456939005231 0.511157813218477 0.577116478848775 0.635021578241812 0.677497007264706 0.711089352946932 0.730156197797347 0.735299553086638 0.72622261496322 0.70658462363734 0.678771682114075 0.640788658016057 0.60138413368787 0.553728420736108 0.505136279549157 0.458622741418695 0.4116337182782 0.370282472026073 0.325326556481743 0.288216180312975 0.252851761753364 0.21919747225245 0.19004692302455 0.162029290163753 0.139720325335742 0.122671632478398 0.101661701451426 0.0866248519034666
66 0.00712057294753513 0.00895168583740294 0.0122191541124979 0.0190168255481832 0.0279823735017796 0.039895656406982 0.0574335615525133 0.0868258912759323 0.123031471840325 0.16836557107953 0.227377984565607 0.289178794503401 0.362217531139542 0.436031097320969 0.505657668279718 0.57339900042279 0.632074291318796 0.675520777742603 0.706984319113503 0.727790016425914 0.731937957710754 0.722486680746913 0.701318434396647 0.675202926232634 0.63945833840072 0.59675862563614 0.550802688194232 0.505090057571168 0.456949125420241 0.410734654048269 0.366198676897025 0.326079846928456 0.287623018736497 0.251379921582875 0.218551341188825 0.189814984584212 0.16061930252209 0.140111226385134 0.121329045350023 0.101980329673258 0.0875293863383975
67 0.00699296611405759 0.0101777677204323 0.0124324428958238 0.0192933391322082 0.027071114379307 0.0363752870146172 0.0577974767947716 0.084581727090734 0.120162057595446 0.167911415671714 0.224069691454883 0.289978288402032 0.359813740060395 0.432121866553246 0.503900884101657 0.568519206480294 0.626692088797657 0.671325769102909 0.702404486806131 0.722168181430663 0.725941927889657 0.719421206295762 0.69847566213452 0.671661151794741 0.63420170005654 0.593195032384177 0.549823783505561 0.501118157184591 0.453909185837878 0.409122996772336 0.364199776056228 0.3231558243656 0.284785923966055 0.247339545798209 0.217175931310426 0.188314249612287 0.159527114383156 0.138169726152894 0.119508357774169 0.0988606175685094 0.0868590588475277
68 0.00529299565821508 0.00881237857900951 0.0126046968097887 0.016667963674071 0.025740200796637 0.036058791875184 0.0574751843508704 0.082639588495857 0.119979384214481 0.165844483452746 0.222798264902549 0.285619498811622 0.355306551661747 0.428542253399426 0.501358116957525 0.566555739131475 0.621963074462413 0.668101777275039 0.700823362940276 0.717692810308609 0.722320094103876 0.714412256825038 0.695542712600468 0.667153250146825 0.631495122102075 0.591315763711464 0.544800429734114 0.499458651208382 0.453110130597693 0.407040388863342 0.36234406774387 0.320729284110775 0.282419387803411 0.248413838222653 0.215493985810575 0.186872422699078 0.160757966311017 0.13586522383903 0.117914025067811 0.101494623969055 0.0875966381661511
69 0.00461206289119352 0.00895177234338882 0.0111355069467716 0.0162171506948828 0.0239221250257846 0.0348038090729404 0.0558228842022084 0.0807369069850206 0.117349376340152 0.16211035861901 0.218617218676382 0.281789942473103 0.354376516152857 0.426051029450217 0.495778711876034 0.561003173002317 0.6167142780692 0.662207778963229 0.693596232112875 0.714455949062871 0.720055733868902 0.71064538651503 0.690874686298746 0.661881170713808 0.628985223819803 0.585767661269717 0.542581151551066 0.497080084553009 0.45014668912492 0.403524236703545 0.361500975372825 0.317964268885792 0.278887908371178 0.245523767638518 0.2149292575591 0.185899127962555 0.160864266348116 0.139678696346582 0.118275056315343 0.102939601375714 0.084864661271597
70 0.00880536767661157 0.00723171775944386 0.0100070468271228 0.0153427473657149 0.0238569352732935 0.0365887742523529 0.054569617476438 0.0801630668053877 0.116315648138042 0.161356552094141 0.217388345484023 0.279990334320156 0.351070423565219 0.42307429224221 0.495373337824314 0.557634570012835 0.614919917460278 0.65868376949877 0.691705379563233 0.710883341324624 0.715358968687974 0.705999086586341 0.688292870011613 0.659720440355454 0.622772355457748 0.583707367941237 0.539084579384572 0.495620986887593 0.449781583285369 0.403083773037344 0.358679801108159 0.317540334198005 0.280045101982486 0.246610633977294 0.211047760902604 0.18579516011095 0.158820361562912 0.13842476861594 0.117746048646595 0.099559365264399 0.0849368085499546
71 0.0049982160304804 0.00472441024055048 0.0110788432920417 0.0160960842302623 0.0226439500135093 0.0354398239838276 0.0511872209803177 0.0785864224998749 0.114802614819212 0.160614916657154 0.214247241926466 0.27939049864952 0.34868638648888 0.418545829303279 0.489673652161242 0.554434997447318 0.609365668666744 0.654482698334022 0.688052756172855 0.704718479877864 0.71133372425534 0.702085745905641 0.684558232636754 0.657897376828232 0.62243945269653 0.581582847759356 0.53705382658473 0.490482572365342 0.444620400102476 0.398680522965378 0.357401243622304 0.31532015548255 0.278177904662043 0.243693758148303 0.211857436672582 0.184288236011511 0.159126036105314 0.13666013493563 0.117612548287071 0.100212687050966 0.086282571636531
72 0.00564638481980282 0.0066627847980738 0.0101429332608779 0.0145833206999208 0.0211139015104194 0.0349082591423886 0.0521833433859067 0.077641835028856 0.11361259558008 0.159385312276851 0.214507836467753 0.276238665431777 0.344534623857211 0.41615688636456 0.486350670362513 0.550711533319937 0.607703126138457 0.651456927789929 0.684532927167455 0.701555456101313 0.707826808315131 0.699635408714272 0.678904605837727 0.652187749192752 0.618335795628673 0.577079336540144 0.536306589771643 0.488678825937142 0.44407483603812 0.39673078190607 0.354272618366019 0.313174158357342 0.277995529095313 0.243130153416236 0.212779126316269 0.182723951906028 0.156991788699172 0.136292869064937 0.116474146854654 0.0987686379753133 0.08385812755751
73 0.00441287957170717 0.00693259459581694 0.0110302427781377 0.0138416784610447 0.0216949000532681 0.0337382347964325 0.0500325205488905 0.0772513737435648 0.111526537520223 0.157052425403391 0.212022548462177 0.274189155397273 0.341663525492101 0.414569468343643 0.483257400708001 0.54621591607428 0.604712105230164 0.647224262481469 0.681086900323289 0.69689447028275 0.702832272237804 0.696158331020512 0.676562444389089 0.648193491157361 0.614245350987219 0.573197970115862 0.530239535900185 0.488940694216269 0.44004127066565 0.397154461124874 0.353977405677645 0.313832256794853 0.277244256246855 0.242736133454525 0.210536212782685 0.182932495733333 0.158584201934166 0.135367340355394 0.114684040633494 0.0995516620161451 0.0848203093764937
74 0.00622903445016821 0.00847465525486657 0.0090988753308041 0.0105882345950492 0.0199141142118508 0.0320402115021554 0.0498883310603495 0.0763411545543955 0.110527046831191 0.154531265137046 0.208085519746907 0.271495440634756 0.338462598139816 0.410319631812775 0.480712465587855 0.543567812234868 0.598030552555791 0.643868455180754 0.673773754405116 0.693816195030412 0.699581368302402 0.690217694446934 0.674064336392647 0.64390590968184 0.611884826892439 0.570892493151403 0.52731569424559 0.483970185200872 0.437554018320754 0.394847645868371 0.351562529798036 0.312331846501529 0.272715639209541 0.241310976239667 0.210610273846102 0.180958153703162 0.155269987761417 0.134907534320929 0.1170054976132 0.0990194941545593 0.0850452406948477
75 0.00406630559506158 0.00612739461252407 0.00980593872422301 0.0132177367911564 0.0225187501186601 0.0320070067721054 0.0502727488296081 0.0728174397113093 0.108234054717789 0.155511160273268 0.208088909270384 0.269577291661541 0.336986707337402 0.406246889560463 0.475473968943986 0.541122934864529 0.59444053104932 0.639068852336216 0.672325015597876 0.691141391350029 0.694241201767835 0.686887537340223 0.669920500728367 0.642680344850094 0.60744276269286 0.567741982651964 0.52524458834053 0.48262765736676 0.435458155751639 0.391393018597113 0.348910883769924 0.310527637613173 0.273090277227959 0.23887048746803 0.207787803491601 0.179032304450796 0.156832707156915 0.133728153162622 0.114133695923063 0.0984769074072516 0.0843799642125149
76 0.0046820035243971 0.00358867840569467 0.00804829501579173 0.0124707289961541 0.0192816604412355 0.0314564196000353 0.0465439899514251 0.0737335536688156 0.105357242710257 0.151322807398446 0.206052115318249 0.266091573591321 0.334299958024434 0.403782110438204 0.474815864795917 0.535363560592335 0.592602059529611 0.635582916094684 0.666052753946935 0.687003611985758 0.689809820164918 0.683215155305484 0.666046237133216 0.639662289698425 0.604809023688246 0.565969816432716 0.522016461807632 0.479584410687787 0.433031717518376 0.389657112190177 0.347427882112371 0.308668307750874 0.270595681091996 0.238924949933474 0.206052737769099 0.181726407630225 0.154734116632256 0.133962686111564 0.113271096761516 0.0978097771622656 0.0810145516485126
77 0.00475412815635644 0.00511139351551356 0.0090160877842104 0.0149525247943151 0.0190163486867309 0.03140596975721 0.0481556875818007 0.0718121244973029 0.107250903876618 0.149161813463241 0.204521558797851 0.266387777914034 0.33282671782813 0.402983485032366 0.471896715712751 0.532706252590864 0.588105042356423 0.632031404282005 0.663617306598446 0.682207218371112 0.686207431017793 0.678464108272179 0.660590734352844 0.636453046081278 0.600826088923334 0.56345289670865 0.519922173746628 0.475262403484472 0.431129741697547 0.387992070301933 0.346857132657027 0.305986616941419 0.271299085097945 0.235915299976501 0.20508347394576 0.178392927392799 0.152879523400903 0.133262654452863 0.111670165400196 0.0980444884669293 0.0841180965763332
78 0.00326683643966318 0.00434318436883032 0.00785446329848109 0.0106517798798209 0.0173366960805166 0.0287418339799519 0.0446679792237451 0.0718448178698185 0.10521173418017 0.148224051898841 0.204316864629034 0.264673485774009 0.330149059004256 0.399097617207825 0.468817577325094 0.531547839372762 0.585692226789231 0.628301637398163 0.660880292514641 0.67804926904806 0.68262176108069 0.676280866790206 0.65898283128754 0.632804433372592 0.598972330348697 0.559659145777473 0.515995577406327 0.474165920023456 0.429881878115787 0.384976773640979 0.343415317031361 0.305720771764486 0.268838834302358 0.235669813329377 0.205038059247333 0.177364502390475 0.153904128628665 0.133946466884866 0.111630908225145 0.0950566907073146 0.0809640494261095
79 0.00297885074321711 0.0055883805496135 0.0069018020726198 0.012205379412253 0.0167439537496317 0.0292600543637102 0.0443659613717032 0.0681582012297311 0.103199030655582 0.148855989694377 0.19968487426645 0.262189131276006 0.32855406216563 0.397112902099374 0.464803403541198 0.528744747439249 0.582109525185616 0.623711927841972 0.655662096974572 0.673869122995072 0.678117118218498 0.67310321337321 0.656734283137773 0.629879257037399 0.595099620774131 0.556363168892982 0.514872555785183 0.469660430659089 0.426255809430251 0.38361965677674 0.341739491790273 0.304542771118908 0.267965471677061 0.233630547068746 0.202639563601279 0.178689075394229 0.154056408259121 0.132004872176134 0.111350413293812 0.0958802733591553 0.0830132088203566
80 0.00449757155095016 0.00459591093876892 0.00721014066867876 0.0115832635634651 0.0182436263019135 0.0270264032571815 0.0452540321636224 0.0719895588816076 0.10199713289459 0.145765703457807 0.199135856866723 0.258322561708847 0.32640910813406 0.395840614830832 0.459007263703072 0.524271169094542 0.577897845140374 0.62312499539361 0.652682134543375 0.668757219210296 0.677048075227956 0.66921567098382 0.6531241694137 0.626886157006753 0.592029044698581 0.551589459508031 0.51020157507769 0.470492745980474 0.42564089975442 0.381771588274859 0.341620907974965 0.30243439611695 0.265789685298297 0.233398329784226 0.204130597639825 0.17750297845074 0.151647288633756 0.132957969801823 0.111809023750552 0.0955643646377077 0.0825085356158791
