filename
dataset name
Wavelength explicit
Intervalnr  41 
400 405 410 415 420 425 430 435 440 445 450 455 460 465 470 475 480 485 490 495 500 505 510 515 520 525 530 535 540 545 550 555 560 565 570 575 580 585 590 595 600
0 0.00517887472441038 0.00707787066584607 0.00984572487244985 0.011325434278894 0.0106503298746235 0.0142775233608356 0.0174756328501775 0.0190534710722633 0.0194203872441299 0.0210359503686396 0.0220764711578648 0.023419688461476 0.0204956620733944 0.0216241417020982 0.0208668656230618 0.0199368571551759 0.0170701883009861 0.016680785909558 0.0158993584674999 0.0140690897518781 0.0111107527781736 0.00856994317055021 0.00845344537458538 0.00632948406402366 0.00615192408101306 0.00465929790044453 0.00393332969242318 0.00244626357336599 0.00110234226090797 0.00245043411919665 0.0012413478854792 -5.98851989552223e-05 0.00123254529489129 0.00425775751316336 -0.00166028045937232 -0.00162025413604456 -0.000912392171768988 0.000383142830680795 -0.00128031493145395 -0.000165551835869442 -0.000176057883137234
1 0.0369755053067576 0.0510222965632606 0.0628832588399337 0.0780805190127837 0.092381595002096 0.105873672200537 0.119521506364076 0.131385508478985 0.141855860481257 0.146620310048029 0.154631009548017 0.15625679869128 0.155329831727488 0.153443652859392 0.142482033071729 0.136298826316399 0.124738060812726 0.112505794862521 0.0992899559067982 0.0881727475071445 0.0742040581432201 0.0635546994556032 0.0543685065691988 0.0447883205392861 0.0374816990907669 0.0295379452197386 0.0235245518615904 0.0199349378490997 0.0164390467681523 0.0115709509562936 0.0101152439717822 0.00670633304328572 0.00540690805402104 0.00578883553356863 0.00298029522902479 0.0025824440552524 0.0033842033144129 -0.000117606799596832 -0.000176844658799259 0.000584174900030244 0.000838199008169938
2 0.124015385355038 0.158983342238136 0.198452927683801 0.239481396781729 0.28461235932549 0.328980612889367 0.371564688512073 0.410262711120201 0.439594255470283 0.464728652638557 0.482088406534457 0.487249936125301 0.48137022275546 0.470489581822837 0.447932677974773 0.424032147275722 0.390015817233006 0.356760183007759 0.316872940459463 0.278233293115797 0.244160218271892 0.207890216572055 0.175513822473089 0.148010596772653 0.121272206300576 0.100339075772488 0.0801482281033448 0.0643685447256626 0.050353906955636 0.0429741892803533 0.0314080905746319 0.0251937189741188 0.0189366734341855 0.0131996353694969 0.0127260762878937 0.0111647997144505 0.00735788648064779 0.00539002631790206 0.00481724837612016 0.00395905831217676 0.00318634223869863
3 0.20170747631737 0.259780248275695 0.323845665122796 0.3956648800025 0.467414564582984 0.539797809959772 0.609692340651732 0.671072606346667 0.725964028264342 0.76813199566424 0.793385803730092 0.803865479096475 0.800354585258574 0.786377755474679 0.751173813663699 0.710359284358638 0.659321453318813 0.603419230412187 0.540477728285192 0.480634097648949 0.418942784398539 0.361619060906132 0.310721081516284 0.25987153599876 0.217874139182777 0.17987712464894 0.150343763998101 0.119999840963066 0.0962981451810832 0.0800393548757932 0.0642905442771874 0.0517184283868141 0.0417398742865721 0.0331313910718719 0.027858345304047 0.0225920947873091 0.0193375976635027 0.0150995801750054 0.0101750654573884 0.00988732667515098 0.00844646851353388
4 0.226115708140411 0.288896502539851 0.361436669489667 0.440570169087824 0.520891551886352 0.601393972669839 0.680197327600943 0.752242238358494 0.813727342817748 0.861730679247212 0.895848244217388 0.91062813077268 0.912222433472687 0.895234236437911 0.86254786029287 0.821003716360263 0.76743128849399 0.705114729825292 0.642763607837511 0.57340127868195 0.507953385298783 0.444644892390867 0.383040681159879 0.325547741846889 0.276441922659378 0.236461675570265 0.195436827352947 0.160770131488332 0.136396678419334 0.110160963166746 0.0917534961362613 0.074824067258836 0.0607830521942426 0.0508539650409783 0.0411647393154134 0.0362845115439867 0.0289428745164499 0.0226005520758384 0.0207122985846225 0.0170344881364215 0.0134451036595323
5 0.220404165720379 0.280608249433213 0.351776818538312 0.428128591702303 0.507021797028725 0.585746003209785 0.663729745745241 0.735370482414764 0.796496003100018 0.845795158435538 0.882877526743136 0.900683991531931 0.907667637773485 0.895535593949484 0.872806993395691 0.834745531883706 0.785972046707489 0.73071519175599 0.669482850560903 0.606499253971979 0.541986015552728 0.479719987796805 0.41947408149697 0.364673254111133 0.312737945371357 0.267603635157116 0.228231939489961 0.19229927048194 0.162626149777484 0.136750302901654 0.114057007351335 0.0964047079970189 0.0804149210746142 0.0673280032639451 0.055739497529036 0.0469437748961401 0.0393646653425269 0.0334051531242364 0.0271884253856557 0.0239968768859761 0.0189558386123271
6 0.207109903899602 0.265382183028299 0.332963258442802 0.404602086768799 0.481720441108513 0.55721021049573 0.631355843458538 0.701658501195213 0.765125655494557 0.812206510213604 0.850871250333639 0.874995934587004 0.885842492992858 0.87888711963422 0.86383746162145 0.832493810505118 0.791219474210072 0.739512897358366 0.684849458229454 0.626701835120915 0.564074538359295 0.507390679969273 0.447653684369447 0.394794594278632 0.342862077114609 0.297046447985756 0.254464142079022 0.218285171146972 0.187273795323931 0.158953634116481 0.135530992280457 0.112550487882475 0.0986013488469336 0.0805278763862417 0.0701852884783254 0.0545436940167493 0.0507832566608068 0.0408002843919098 0.0319794042200352 0.0284940471189783 0.0245502901826767
7 0.1972207631785 0.252743928323937 0.313247957586846 0.382282375633258 0.456476010391019 0.527646399546917 0.602232777971334 0.668514779597231 0.727224864696417 0.779012665449301 0.820111935596443 0.849174862505616 0.863582321071143 0.862223004762622 0.849875658969302 0.828227228692309 0.793090899388981 0.748116917408236 0.698548988394502 0.64496905494862 0.58873693370498 0.529898031188972 0.475445004608017 0.421812136369263 0.371729768004959 0.323484190113004 0.282066063911985 0.243895098815745 0.210268738514916 0.179666332231492 0.153694617172118 0.131817053719511 0.112131179213277 0.0960476617827651 0.0809126488491142 0.0691048123820916 0.0592228195488097 0.0477001629036102 0.0413138451500749 0.0351108671069217 0.0292102363786311
8 0.185874952814983 0.240167213996355 0.297945940137145 0.364098301731919 0.432178616575513 0.502661944453769 0.570876066556862 0.63727150648068 0.697183981482142 0.748732466156109 0.791322337193603 0.820604662870482 0.841286801907096 0.848099601104119 0.839573085378503 0.821973009152254 0.793240009560737 0.756898737341048 0.711430671824059 0.661837256491152 0.607945174544674 0.55446435615993 0.500453550283112 0.448496743774283 0.397537899763719 0.350347041966358 0.306090820533133 0.267063665900763 0.231151119068284 0.19658627022868 0.170038659893125 0.148597347913022 0.127127397980813 0.107351766440627 0.094020021426337 0.0786674454384529 0.0671604676106942 0.0571007984912409 0.0482320748364439 0.04146053740176 0.0359600865462074
9 0.176461113004325 0.226358810483003 0.283381738955743 0.345122936027363 0.409521507521876 0.478387329400929 0.54372536313638 0.605784160390371 0.668382695601452 0.719501028103258 0.762759207233465 0.797041975182281 0.820024812630355 0.832584337713064 0.829410936350881 0.819169467455582 0.795573128868843 0.763865607617467 0.723158622873408 0.679975229715332 0.629180451212729 0.576702018474794 0.522236614083481 0.472209650840138 0.420275450069806 0.373733646206131 0.329047856469414 0.289931710490015 0.252764037766433 0.218205487847303 0.188817932385541 0.163613885223757 0.140666747095048 0.12014881784899 0.100667571908395 0.0861251596806301 0.0740754107685259 0.061200399483063 0.0533282484811928 0.0452926053829607 0.0378093326533226
10 0.165533287087385 0.21488709089817 0.269560079346065 0.328981378453751 0.38865757048452 0.453799610802192 0.515243256933056 0.580331103355103 0.637318095462702 0.69221519759798 0.735981239294477 0.773546571614153 0.800451471015537 0.81623331255944 0.821273574596466 0.812725923634544 0.799189211118849 0.768993967670422 0.735223823272585 0.694343201504524 0.643730241883468 0.596515997331513 0.543837519020817 0.49300813742895 0.443410988599693 0.396617531194983 0.351472019454162 0.309736329524817 0.272331918538825 0.236297509250213 0.205976974343284 0.177455826445761 0.154417635039757 0.132320933643006 0.115005491969809 0.096530868445434 0.0834295238732892 0.0696736672086628 0.058544081478631 0.0512416570994408 0.0442689585427917
11 0.158206610441008 0.202027068503767 0.252417122069905 0.311061909773953 0.36855061723737 0.429498846337253 0.49159779193192 0.553197490277251 0.609985340642968 0.662513123247071 0.710606715982709 0.750892095691506 0.781237495066461 0.801757307682728 0.811067032401734 0.808439538154896 0.796767813949298 0.775766214779121 0.744951567347567 0.705677784763236 0.662758053547469 0.61535780199517 0.565765578033029 0.516049977189167 0.466983466629392 0.417720459139742 0.36969051845716 0.329498471659498 0.287287887550885 0.253542641874359 0.218416426721552 0.190670016684953 0.164060371890312 0.141870977109703 0.12006632442884 0.104269942510639 0.0904945364105957 0.0764607865707818 0.0651847983904945 0.0571289706470386 0.0469777887383478
12 0.150669647020871 0.191751301076603 0.239892754145206 0.292692120156127 0.350030437912218 0.408128637830505 0.467790532369196 0.526064228233543 0.585145134567292 0.639164189577859 0.68764467904517 0.729024451629594 0.764881019888403 0.787148881014601 0.802408964296322 0.806984110966407 0.797943297517812 0.77988862621889 0.754374053901941 0.719511094847147 0.677393096639485 0.631962056968933 0.583819289463064 0.534340705806065 0.48382479654947 0.435927781480925 0.391585950868673 0.34645041036613 0.304537542428284 0.268686861426608 0.23271167316624 0.202513822252692 0.175744569006749 0.152661086718979 0.132459937121856 0.112267688121676 0.0959674705743382 0.0826409361964671 0.0714278923433697 0.0583590905825041 0.0486580417707655
13 0.143188011038605 0.181545849228104 0.227346093302413 0.276829131340924 0.331058586990622 0.387951583151692 0.447464477112741 0.503923682844641 0.562030461233694 0.614608694168752 0.664656987372127 0.708394007891454 0.746144862420383 0.773837439538512 0.793892632872663 0.80121357814033 0.799855838035593 0.785509351038313 0.761778704202098 0.732274904545798 0.694044019539091 0.648826587818746 0.60377778681245 0.554548177782809 0.504113954740215 0.455948738964916 0.410268013364957 0.364073553015638 0.320727215590346 0.283100815475611 0.247700035572907 0.214331004163429 0.18745611925093 0.163622670662573 0.140723115641997 0.120469220869078 0.102597154951618 0.0881279870433342 0.074444986857636 0.0644752986808066 0.0535956504993659
14 0.13265712785636 0.170587743846737 0.21467994585714 0.263953878184243 0.315481859816622 0.369737422403622 0.424880045235164 0.482519498303319 0.537289226031552 0.5922742756038 0.642839697981063 0.689071599198823 0.730614996188191 0.761184829382616 0.784870860308357 0.797030162667845 0.797449098637354 0.78953655205168 0.770943965343362 0.743154222696019 0.705631746854081 0.664377531928328 0.617916096120388 0.57172371380238 0.521686198932119 0.471164654803631 0.424189230829302 0.378807428042332 0.336740760943651 0.298004885158262 0.26021056113979 0.227770909007527 0.197331479389196 0.170454835640515 0.147090468784394 0.12623650504709 0.108480455176307 0.0931238871816497 0.0804603053185944 0.0674755115586302 0.0585423786096002
15 0.127235169761496 0.162960550595987 0.202656922775094 0.251597417159329 0.297818211207726 0.350830853889284 0.40509568906487 0.460921708299491 0.51471060019458 0.569352520798457 0.622967870246312 0.671362112938284 0.713336667460832 0.748951872846054 0.776858192095513 0.793825861111616 0.800833522600059 0.792849700056923 0.77432643538101 0.751250006628365 0.719766274491582 0.678237173324735 0.632936928567453 0.586809694091714 0.537224009684422 0.488610006019129 0.440711620953167 0.393677090298691 0.347686311434498 0.309184225092342 0.272929415455348 0.237239082603303 0.205613796130687 0.178071381652152 0.154455651111349 0.132575247944336 0.112676205655572 0.0992085437662829 0.0848978442986374 0.070104075270446 0.0591350059237747
16 0.11943259670247 0.154693360502481 0.195113245421779 0.235425203281415 0.282108174061796 0.33263395871187 0.386231938715086 0.439359190473849 0.495048448645981 0.549930921522297 0.602621010590889 0.655170823491603 0.69949877131523 0.737705560781766 0.767306169416943 0.788530673645335 0.797469394839842 0.795456162130719 0.785023516116215 0.762860319782025 0.729915858579073 0.69304895335561 0.648808703540891 0.602960173484073 0.551576631927572 0.504403280393604 0.456785289456428 0.407715790227053 0.36279057229129 0.320102103190958 0.282520079959248 0.245853834090051 0.213783262428037 0.187733156578348 0.161991095147718 0.137760998883734 0.120208065031266 0.104046014439104 0.0861154549734417 0.0746999395249876 0.0634087154771294
17 0.114064186758957 0.146703010101144 0.184563001323587 0.223525664583567 0.269437065996386 0.315693608315864 0.367386017331182 0.421731140322021 0.473278357113166 0.52927995920654 0.58416300911423 0.636447256499641 0.683320846572348 0.726522999859772 0.760722695653217 0.783790543042874 0.797104251385608 0.798829742502092 0.790032618362873 0.769305927709589 0.741199437332305 0.706334221640735 0.662727919757056 0.615621004632502 0.566744886382212 0.515923311249184 0.467419947540369 0.419428171669845 0.373565565193707 0.331794999793724 0.293252181115453 0.257057060690392 0.223269430263724 0.193501532085886 0.168212340841331 0.144994622803253 0.12291571124317 0.108381301913185 0.0918785643069491 0.0775046558799444 0.0647137446441373
18 0.107306200338804 0.139578976187011 0.172032638418953 0.21440824403473 0.255948923283583 0.302260317470043 0.351154215075555 0.402263532769288 0.455158312288775 0.512632649830254 0.568827415983675 0.621286205168626 0.671956743355436 0.717026755265064 0.752728567373452 0.780714207441017 0.796892984096861 0.802284040719393 0.794808074855832 0.777993154035458 0.752397365361754 0.717275513211849 0.674842127636715 0.629917086506798 0.583038517296176 0.530142664467662 0.481004429670795 0.431366850592932 0.385936734504274 0.342517522223313 0.302510202703378 0.265902141853785 0.233052759321 0.200818662027293 0.174270635289007 0.15061284010433 0.129307226318962 0.109181943140501 0.0943025175030818 0.0794456081314107 0.0685154519920778
19 0.101503861342553 0.129449178510026 0.162425614326397 0.203473546360159 0.243639855143881 0.285974874310675 0.336196558426232 0.385829663754388 0.440022756834869 0.493504544612813 0.549929252794186 0.606432110616956 0.657436169881219 0.707050387174891 0.744832216880115 0.774834033783348 0.797139786287929 0.803437073821285 0.800543531689031 0.785226140596581 0.759343294060112 0.726914750389405 0.686086045847882 0.638690904552505 0.592527533115677 0.542347679117011 0.495055876683231 0.443499511685195 0.395181292560009 0.351833061863821 0.311840642924974 0.270962497726302 0.240810041149991 0.207946120408596 0.180939128635887 0.155527953688829 0.131672842586525 0.113371527556561 0.0978307503857691 0.0832132464906369 0.0717873858364
20 0.0970079167871394 0.124590576666519 0.155390206681074 0.191394906908353 0.231108914079784 0.273612083860393 0.3199953234279 0.370062962640064 0.422611101931706 0.477880511695151 0.535305367927545 0.59276447661479 0.646472996873719 0.698070677190249 0.737981027788614 0.772064628074836 0.798272206630843 0.805405006136605 0.80320344282898 0.789699966228551 0.770202290399417 0.736097962832402 0.697253243078355 0.651161978641398 0.603827750093877 0.552001523477328 0.502793810433727 0.452834544549396 0.4077473439777 0.359589794835662 0.320272567113276 0.282413849802835 0.246078835108656 0.213825676077783 0.185074426122251 0.160713384073821 0.138149923776893 0.116358982888322 0.102303761162055 0.0863209797347966 0.0727331532491214
21 0.0919362216619995 0.118112679961241 0.147917710176466 0.179700824565957 0.219021849955078 0.260021172855822 0.305587561356891 0.354063217991467 0.404059031600248 0.459897104657624 0.518978717137758 0.578060202697508 0.634591973708081 0.684592321949437 0.733310196917195 0.768401852360827 0.794339224029057 0.806140176203626 0.807683882635706 0.79745575955612 0.777036208233991 0.745753833089289 0.70596636412259 0.662749709370981 0.614817909448464 0.564367735572025 0.514872983146841 0.464048322617911 0.415410903519678 0.370473223474885 0.325716702429986 0.288763398559047 0.249846715651315 0.220067765505578 0.187647597657027 0.161418247908861 0.141721956397397 0.120407190897692 0.104293214088526 0.0879111794662215 0.0759240025238445
22 0.0866080463571968 0.110959960376592 0.139615222895475 0.171426118311831 0.208528898937422 0.248200305915859 0.2902968117507 0.338364178250543 0.391750025183508 0.447355050847481 0.505411246304514 0.565890116494508 0.624546540021226 0.678475093919602 0.724493827153757 0.763164084843572 0.793151647723924 0.807953640631146 0.81187351639601 0.800897294486665 0.784347441196001 0.752629996789985 0.7160591975517 0.671698425013819 0.623276769070235 0.575721826514093 0.523858360340189 0.473777732623973 0.423960802117448 0.378503390398504 0.333525546117239 0.292733099634775 0.258010529403018 0.223352776713301 0.194660779131186 0.167784421064381 0.146224671746889 0.124119882108926 0.105405869363578 0.0921167147025885 0.077586425346895
23 0.0821920116894315 0.105879705695718 0.133543635878906 0.164282481515327 0.196475103325879 0.236763256800925 0.278291112254541 0.325944101358126 0.374501990308508 0.433893552670525 0.492425084176849 0.551325005159054 0.612163873230074 0.668947249233734 0.71900119900972 0.760865531794025 0.789700189686027 0.809256362617992 0.813232090405295 0.805910658224189 0.787211831702919 0.761243313589722 0.723375119394221 0.678409178042862 0.634266037787458 0.581930050226434 0.531798054254648 0.480471826134074 0.433509791609367 0.384252758484238 0.341780259307267 0.29921086973824 0.262108529028887 0.228498068055177 0.198138620045281 0.170108684839608 0.146379426212698 0.126783401110762 0.106784848249607 0.0939397113627908 0.0798267753187821
24 0.0777515437779093 0.0982850413437216 0.12522970716615 0.156887228674106 0.186485173962468 0.223061168518844 0.26607009464297 0.313431061012273 0.36276788087933 0.420023629428695 0.478079141617559 0.541685830075643 0.60183705201247 0.660613918048189 0.714179288505615 0.756047749147989 0.789630429832475 0.809177540599428 0.817390758768075 0.812577051034112 0.795101957894811 0.768061290488415 0.731099901587287 0.688411738257593 0.642606252055552 0.590580031905312 0.540646231181907 0.489164927339943 0.438441903438984 0.392175658108693 0.344868751622038 0.305808766840825 0.267780649752166 0.23260346629261 0.203222569294998 0.175482801724404 0.151506697333526 0.128951156021557 0.110877634246476 0.0935388264895594 0.0815864064076236
25 0.0735295354572073 0.0946345038519156 0.117743107368054 0.146782856114465 0.177102843745779 0.214913569527608 0.253433745452253 0.298537673510775 0.350616992553107 0.407458704338302 0.467363720608261 0.5297554473201 0.590662640218958 0.651165130478107 0.70748839514471 0.754019419921695 0.785426431299915 0.809896775771251 0.819659324393073 0.816505476907953 0.799065358704708 0.771858491417205 0.739063001286148 0.698371021604711 0.649251853554654 0.598984721816704 0.547458115845366 0.494748245081979 0.444507446269479 0.397676603376054 0.350188852629869 0.31114332509677 0.272971247023964 0.237222571226985 0.205140821575729 0.178138591395853 0.15310880918091 0.131427979073215 0.113111638755477 0.0974451086002527 0.082773806751654
26 0.069440960544392 0.0862938070968351 0.11421168562807 0.138655428141093 0.169550037848292 0.204545694725153 0.243131198931011 0.287445157343683 0.336649260637483 0.392836648800475 0.455260477875158 0.517772254788541 0.583806807283671 0.644996406651206 0.701936751495968 0.748773875783965 0.785713874822861 0.809313651410309 0.821330713859678 0.820600859976211 0.806032678082456 0.781834812565397 0.745811832021025 0.702435055485002 0.656749914464465 0.606408355283759 0.555473302910554 0.503850014863516 0.451669944479716 0.403479365810399 0.35818853060941 0.314382354699421 0.278251806889618 0.243194732625763 0.209134557103001 0.179941410302027 0.156110251577025 0.133391189005062 0.1157166158896 0.0989756726052991 0.083573222545999
27 0.0665726013072918 0.0850048872368085 0.1065728878418 0.132480581283128 0.16182174566948 0.194046926478683 0.234492337622723 0.277404202157371 0.327728019451992 0.382416835040093 0.44355931780432 0.506236305176108 0.575220492862766 0.636756494494599 0.695895992631667 0.744137796666341 0.785515369233127 0.811074209416872 0.821899740391729 0.823047971488351 0.810746555879835 0.783799143851747 0.750401100605655 0.710108682360854 0.662687925741688 0.613088003907684 0.56057476119087 0.508663782047262 0.457388054995778 0.409716833202976 0.362976551966197 0.319366349912322 0.28070026748417 0.244677677680686 0.210964507879086 0.18336395754122 0.157858910210073 0.135009269129393 0.117709101167962 0.0985922796028916 0.0845501077641907
28 0.0628716751930474 0.0818171785931372 0.100952254037065 0.125587460963642 0.154164595757977 0.185332700254023 0.221598426088791 0.264901769121523 0.316647213918991 0.371483772893835 0.433487514912781 0.498364248507997 0.565225199294621 0.630657895054043 0.689843390970076 0.741665808373391 0.781840108617266 0.812234438473037 0.825630985409664 0.824639834043879 0.812693029539849 0.787185411556513 0.755046747070266 0.715189505873799 0.669829559738769 0.619144305545766 0.565177791585076 0.516165856478324 0.463685407784363 0.414448737737115 0.367104605761329 0.327174334295343 0.283530157292286 0.247973177351974 0.213897868476709 0.1876676601956 0.160886128628474 0.137040650426145 0.11813732254073 0.102218734420064 0.0858319800476345
29 0.059647447666712 0.0775197109398216 0.0956997733310139 0.118159136614272 0.147259108414704 0.177313675586594 0.213699851830575 0.253936691495852 0.304288057220964 0.36178432922057 0.423186851101726 0.490001119932902 0.558605562745992 0.622211792504242 0.682360546609494 0.737594688664082 0.779873428579098 0.809100343752927 0.823956034911827 0.826783729623125 0.816147973985721 0.794008148928387 0.760386686703249 0.720917991952107 0.672902686267514 0.624136340840146 0.573106723077428 0.519827213019072 0.467881561910474 0.417967986406042 0.372448669271806 0.328790714429149 0.288376762957853 0.251518598783582 0.216290527636876 0.18804994691283 0.161386912576646 0.138701949726662 0.11960447143151 0.103616774474082 0.0871710427573793
30 0.0568291719985617 0.0693066799348614 0.0910271196382891 0.113625664807584 0.139018666752552 0.169407993942602 0.203139068344866 0.24558348220535 0.296142456913719 0.350921492668891 0.412618922237483 0.480670640283503 0.548725782370119 0.620033030323342 0.678653045188013 0.733932715118359 0.777777548160685 0.809306148067311 0.824664288161599 0.830306732737758 0.817974337755414 0.797856753893419 0.763744497766074 0.725442397669498 0.67926522539914 0.631748391933505 0.57831962581723 0.526356678498011 0.471240320507595 0.42196574057121 0.37660023931359 0.332699751592812 0.291536327317907 0.252554348863292 0.220500620923756 0.189007249514537 0.163461876013686 0.140640949292377 0.121272588717562 0.103775386248877 0.0869326307679688
31 0.0533077102658346 0.0687043975484627 0.0839270571372605 0.108710797273037 0.131850969874831 0.159381039466804 0.196096642317506 0.238058877770982 0.285776710128672 0.341398319183088 0.402860080185145 0.471401529205564 0.540462151128528 0.609295170228472 0.672712449537159 0.730375166087545 0.775342308125013 0.809559427459579 0.825997500563964 0.832537856533714 0.822933280946442 0.801051411774366 0.76974874334406 0.729735386011092 0.684568681258112 0.633458523010118 0.581753564429451 0.529128757567133 0.476536159040886 0.427032689362673 0.379887170257841 0.333682095941498 0.294466749887222 0.257260034950192 0.219974884548496 0.193786570425866 0.166897841187982 0.141238929346589 0.123196771229644 0.105142205932687 0.0881810314555618
32 0.0498000625429402 0.0642255950789467 0.0824557859716487 0.101924125355883 0.12496313118473 0.155304173807602 0.18667548347475 0.227010607727022 0.27726259273857 0.334253393500151 0.395589798334765 0.463603957531371 0.534324761023889 0.603501562432149 0.668662770808544 0.726055494826308 0.773218982526136 0.806565539936316 0.828322007715317 0.833156152422815 0.825782563275896 0.804103485713733 0.773648439962179 0.733557932100109 0.689648228769623 0.636655522327526 0.584851958692545 0.532509878812033 0.481021133157228 0.428947401657165 0.381898560514014 0.337060530176073 0.297308928092529 0.258567345494429 0.226021221801302 0.195666467229695 0.164760214555109 0.145227088669 0.123454970938622 0.104246409717216 0.0891409539851268
33 0.0462083142499807 0.0611483192629575 0.078259165593659 0.097415222295101 0.119860265203953 0.145568786572506 0.180697694877942 0.219945250614188 0.268764210358134 0.325076753753049 0.386110838276352 0.455852572040715 0.527699617915987 0.596466847528976 0.666160571865515 0.72243490034959 0.769190929168742 0.805377798594081 0.826840264905472 0.833548669427233 0.824452913026792 0.805297827873047 0.777902649954072 0.734894935594004 0.690650550121901 0.640102659486127 0.588847958094463 0.537247651872567 0.482441655319858 0.432383198711445 0.384942333044844 0.338650927083609 0.29882553089653 0.260035946019844 0.225986919699992 0.195532177800977 0.168806595182285 0.147188395797154 0.123971465507795 0.10804523560276 0.0899042430318016
34 0.0442964831856562 0.0557369939599277 0.0741585296612899 0.0921924454137966 0.113842180235006 0.138387652292795 0.171624037327111 0.213394114640208 0.258714343081485 0.314053663899954 0.379096229323565 0.44742280598049 0.518709307514101 0.591477306265896 0.659420402123338 0.719743334576386 0.7677395571796 0.80508504756194 0.826735256223617 0.833957967941059 0.825844952950082 0.809233087272008 0.777859031764536 0.740069743513401 0.693644466771372 0.644759151889094 0.591292060520478 0.539952531527147 0.487821714425626 0.437313099904666 0.387897393479444 0.342754734940016 0.299747358772995 0.263037618594983 0.228353598895088 0.19928807806464 0.169939762245838 0.145060305162207 0.124283612090064 0.106427508005189 0.0908662189693372
35 0.041535699807248 0.0552900297920329 0.0693233297437053 0.0878106655687265 0.108183264775361 0.135256686713596 0.166072103390779 0.205113029611032 0.250279689606463 0.307641612180743 0.369863028766771 0.441026795997718 0.512014456475163 0.588228832952054 0.653843720378532 0.717077476700255 0.765336588944583 0.802018931907493 0.825796423472445 0.836087508942358 0.829997701748597 0.811837618801248 0.780571906294682 0.742822714881092 0.697486889757292 0.647346330580344 0.594151457890182 0.541724486055806 0.490257214318071 0.438650907205296 0.387833000194646 0.344501472364321 0.302771999747788 0.264220487033758 0.231078392661285 0.198822705614007 0.172313288067298 0.14865163693902 0.126238343199534 0.10742318074872 0.0917453548451743
36 0.0398555009553253 0.0514929857286033 0.0662413157520636 0.0827882756620905 0.102718631303229 0.126947741181237 0.160906150414821 0.198641172587427 0.247199069623104 0.299621263254316 0.363306343665224 0.434183304190682 0.507388276986245 0.580175755203702 0.650832373212638 0.709901740888929 0.763649382738953 0.80120273029125 0.825626493405547 0.832151644229524 0.831107314081534 0.81111245204734 0.782884754428731 0.745380770161545 0.700018477274014 0.651519563413928 0.599271257294477 0.545528538436044 0.493489524475769 0.44034127462326 0.391079893854175 0.348805246351609 0.302630575219377 0.265820469935427 0.231571753679025 0.198937587558345 0.173065698572343 0.148437142118043 0.127010997298525 0.108984701627613 0.0915966310626287
37 0.0374974780311413 0.0496624544301224 0.0613062007743642 0.0800835816085214 0.0975471955636114 0.122698066249113 0.153190740949667 0.193060691341694 0.23827350842078 0.296523657240082 0.35755824688414 0.426733037462219 0.50174600969071 0.575808118761628 0.645911394107798 0.708089462761159 0.760636076699289 0.799106307927082 0.825150023410083 0.835586978606476 0.830761356875965 0.81344757096926 0.784857189052869 0.748278474773951 0.702983603592354 0.652542689725681 0.598369318180614 0.547709742915909 0.493827172266691 0.441650365252936 0.394777411320155 0.347911411683672 0.307114062162255 0.267263312485894 0.232939777837758 0.201003736780004 0.17224082931295 0.149184816070815 0.127747679405111 0.109196564942668 0.0906886249625683
38 0.0358088149037413 0.0465120991280887 0.0598813065552782 0.0752199688104425 0.0929832258252406 0.116328204707823 0.147472493757805 0.186035384725645 0.231807431837404 0.286329258468771 0.351691549047011 0.421310044361442 0.493064869475675 0.569052296411699 0.640907182184923 0.705623285264538 0.756970611906883 0.796861762917942 0.824214271409858 0.834157222766171 0.831004693044587 0.813774949502985 0.785143469637256 0.748578302462807 0.703948128630495 0.654763146330763 0.602981937849305 0.549427168712555 0.49648559652753 0.445351580142574 0.39590854325618 0.349782377388434 0.307866345090506 0.27017824476842 0.232994320802686 0.202544605769741 0.175935737158352 0.149962292890953 0.127998000545623 0.111331558732549 0.0954162383322555
39 0.0330721955862938 0.0432307198447505 0.0556564910852832 0.0707947445796569 0.0910901549112616 0.11090685456972 0.143449132783486 0.17974129847501 0.223951677098105 0.28155843463818 0.344468683494017 0.41533543849376 0.488055761469274 0.566475630948855 0.636414456439067 0.699903349564114 0.755833686127526 0.796314040494308 0.823706471884646 0.832721652879675 0.830270392137405 0.814619289148763 0.787906589504958 0.750147888711032 0.705030559078285 0.654731819249454 0.603757486594841 0.550411585891913 0.496854239229531 0.445662637868434 0.395836133755298 0.350189424115093 0.309297378074691 0.269186322319345 0.23332235009025 0.203722132420767 0.176269839477068 0.151023323157566 0.128374238956575 0.109407069902766 0.0930053717368734
40 0.0316664828088154 0.0422728930543922 0.054904886978272 0.0684333563589642 0.0857561978660946 0.107545571557023 0.138831649529069 0.17395728270407 0.220296093702962 0.27439210020393 0.337235863025901 0.409707935924954 0.484620470783677 0.560494393888862 0.63223429266096 0.698708588868633 0.75342504444425 0.793718604915301 0.82023543031368 0.834014422142047 0.831130600687479 0.816035630981609 0.787362658947341 0.74950711016395 0.708758444207055 0.657502885544096 0.604273101210009 0.552184813916819 0.498905494961053 0.447684241951657 0.399713135812497 0.352547031361816 0.309835546136467 0.271665153239234 0.236123837141457 0.204309341517106 0.177322003037056 0.151252458359016 0.130396496942078 0.110039506998638 0.0952173535086664
41 0.0309336929932506 0.0403420113009337 0.0499303566051173 0.06545092763676 0.081176624071316 0.104166729266579 0.134298069325195 0.166908768308659 0.215311734990401 0.268572966539594 0.332009015102907 0.404280465094475 0.479940260504784 0.554534717119305 0.628125480117648 0.693641783010242 0.748094317910235 0.793897696302054 0.819390940137426 0.831343182635339 0.830023419480905 0.815477872874097 0.789237800541337 0.751829968768405 0.707541006353717 0.658607589626976 0.606576851575624 0.554348068375498 0.499326116447171 0.449949111405496 0.400018092328265 0.352555810558739 0.308217474190453 0.271718135413299 0.236031649937698 0.205825971693481 0.175495553197264 0.150798075420786 0.129768354805585 0.111220991280758 0.0939042026588281
42 0.0291724934017948 0.0377255943939982 0.0462107955234434 0.0612853811958003 0.0763338925312012 0.0996000183009623 0.126695803124624 0.163776831978115 0.209583300189478 0.263395637186707 0.32796142886539 0.398586648879584 0.473587940693335 0.550836953212045 0.624709474347044 0.691227792198479 0.746697509661991 0.786668584737648 0.818364698586475 0.831640766450076 0.83199953311862 0.817046382139999 0.786893587315135 0.750723594395811 0.709505424752909 0.658371040371554 0.60759844879049 0.555608461429506 0.502468878280627 0.449523091393573 0.399859175011538 0.353170302361456 0.310795942485004 0.271997250086566 0.23688014062167 0.205392946841669 0.178876134967752 0.152236204770556 0.131851289815703 0.11185000354911 0.095303878228685
43 0.0270221660033871 0.0362735323081286 0.045993971625722 0.0557140525810048 0.0746066388570836 0.0946263034329911 0.121550028887544 0.158605424501831 0.200874895129394 0.257447857605141 0.322066262964935 0.393292449606255 0.470256134023701 0.545698348456426 0.620183241614376 0.688512411903516 0.74287155373427 0.7878586738197 0.81705307954726 0.830293506146843 0.828796421171273 0.814484110393922 0.788404550993839 0.754593448629205 0.709890282200799 0.659527530144275 0.609748757876918 0.555589154414528 0.500765707621266 0.451580055336597 0.401244805184143 0.354828494639814 0.31301735777716 0.272237141202193 0.236600290651787 0.206162929597845 0.178603672516744 0.153345589127627 0.129833775890772 0.114495163092047 0.0949078829253198
44 0.0269883407050913 0.0333824690590833 0.0418725513677892 0.0572179713637587 0.0706010889208249 0.0914460859757694 0.119000475887399 0.153834291428223 0.19694726623763 0.253354010853616 0.317238407041641 0.387907408794949 0.463689687050361 0.542190164973674 0.615463295088197 0.684475194569811 0.740089505288172 0.784017584492701 0.814054317761925 0.828908050835236 0.825217880936256 0.815800086802808 0.788743505676989 0.75233458002162 0.709007807259422 0.660018610935806 0.611497622413157 0.555096642215614 0.50346739374258 0.450041900530708 0.401920280884738 0.354616431813335 0.312344584003424 0.273012881511018 0.237317790631675 0.207072790802197 0.178909193325303 0.152545670513065 0.129043011871868 0.110500006847847 0.0958472954017722
45 0.0229612217859989 0.0333706107425825 0.0403804464265386 0.0521695968097811 0.0678712077211945 0.0877535004844235 0.114745325916598 0.149084056587528 0.193407953405892 0.248239291345511 0.312564173027662 0.383650317793325 0.459537362691192 0.536580180764825 0.613026590026616 0.681348066208341 0.738167112731053 0.782106992064545 0.813087276856301 0.825430531017659 0.827795499225888 0.813175899956987 0.787535901858498 0.752933880446471 0.711204745596189 0.661967637216323 0.611279293394969 0.557085554740795 0.502636386927392 0.449906535112889 0.402032156336941 0.355115212932312 0.313885365968009 0.273500507906176 0.235943013508354 0.206203604228722 0.176828489021997 0.151808827670546 0.130946553446454 0.113107099469144 0.0935610102607089
46 0.0237853431934467 0.0300611374008744 0.0400343014751138 0.0500503774131538 0.0647734570974974 0.0844057849352331 0.111760085101313 0.14356867587159 0.189550197386291 0.241368611296553 0.307262301939752 0.377308356941814 0.456599537383609 0.533667420922709 0.607658991579152 0.674502022438172 0.735613602892999 0.77879233510141 0.809833976464561 0.825826452984223 0.824819570255073 0.812536465402264 0.786990964129344 0.752718702504455 0.708286370101107 0.661756170071472 0.611257478533425 0.556736433594665 0.502577863919981 0.452329548455031 0.402488630708536 0.356823751182546 0.312432159051595 0.275167317251513 0.236857464576442 0.20582718246859 0.178192708930847 0.151578112334497 0.132190257113164 0.113029273148595 0.0957766827048287
47 0.023642121416366 0.0282616995579103 0.0391351209502704 0.0496307885580149 0.0629361615622702 0.0807371835690452 0.106984074661699 0.141011365976291 0.184061800806921 0.23807684531098 0.303502361925362 0.374776150078981 0.450851860450929 0.530703432597706 0.605892761205248 0.672031359300453 0.732153578111619 0.777885588579463 0.807890202606289 0.823426143164108 0.825531141760492 0.811410271420184 0.786095815159291 0.750482457331653 0.708220766564972 0.661770429111206 0.611247622842612 0.557815315427809 0.505240266965596 0.453385506591917 0.402737252673222 0.357624465840437 0.313846996385524 0.273504957883569 0.237134279523684 0.206515790301915 0.178610581102877 0.153995965574175 0.131251577056358 0.113353142958485 0.0954857146846801
48 0.0204999048483483 0.0283893695396307 0.0351372625644306 0.0438529689002075 0.0594186334171105 0.0784654533057698 0.103537186675266 0.138325071747511 0.179697565195487 0.233881635875966 0.297108790401795 0.36929087392955 0.44677392327213 0.526395670217161 0.599887874417155 0.670499651186327 0.728219539142642 0.776031084634341 0.807002600432614 0.821352520899161 0.821653518186142 0.810838240137861 0.785933751610087 0.751597142121328 0.70986920396098 0.662190354045912 0.610398933898423 0.555014017444726 0.503896448309533 0.451729686207383 0.40363971548186 0.357518101599104 0.313163483536197 0.276053872612298 0.238645812489586 0.20557813861721 0.177158328000672 0.153403870366698 0.129910485575582 0.111055670246744 0.0970872599702636
49 0.0201930362959324 0.0270487639686723 0.0346077787868793 0.0425027832283429 0.0567762061650495 0.0741015264418312 0.101606388928519 0.132854737171182 0.176923962897056 0.229855040455066 0.294242163826609 0.368018691850776 0.441787308725568 0.521542599033861 0.597956564967721 0.66563927727339 0.726846363612473 0.772479739783155 0.801781874361372 0.818898750592671 0.821300213862291 0.809682608756663 0.786032266923356 0.7492356080664 0.706525623646811 0.660012272619961 0.608700879822771 0.555663858528713 0.503997886023181 0.451937550056613 0.403960319034423 0.356655673521715 0.313094116256574 0.274283505886671 0.237809538647321 0.20701292413197 0.178376161476113 0.152922613648783 0.130950962974692 0.112728609418163 0.095404182992949
50 0.0182037689695644 0.0252760593681412 0.0305886892456293 0.0408312778733851 0.0569262975161223 0.072791468288188 0.0971353986319473 0.12823617344992 0.172067337192718 0.227556595730258 0.289626160197629 0.361083965931278 0.438811649942811 0.517763704147589 0.594860616560927 0.662648295032584 0.723694014650895 0.768344047022008 0.801481290204225 0.816865806191636 0.820185045217568 0.807888688520328 0.782537597651943 0.749792853438901 0.707948494645968 0.660915867860156 0.608867512062594 0.556596820909378 0.503607013629028 0.45293843950395 0.403387367834937 0.356667737888948 0.313503607708664 0.273768590470136 0.239248190684392 0.207460495339614 0.179355307507376 0.153745751752734 0.131501194684316 0.111876605442665 0.0953553979722819
51 0.0177524023776789 0.0235488145567195 0.032115205654931 0.0383462864505345 0.0533651627324778 0.0694462658127742 0.0946921871031104 0.128610629721538 0.171537661460752 0.224273413538251 0.286344706897145 0.354928272213737 0.434270325551845 0.514127582247275 0.591270790064588 0.661252573158019 0.718603214465936 0.768089595555597 0.799706986294225 0.81498370886074 0.81771695052984 0.806740468190495 0.782116036413376 0.747598110954808 0.706592811171531 0.658725124225861 0.60657095520945 0.554238982675881 0.503693327330572 0.451267222139482 0.404355520891842 0.355644730116179 0.315269785093391 0.273610886011889 0.238814723137484 0.205848182824256 0.178845210102163 0.15278722157315 0.132815646405829 0.110596488561838 0.0938864423864395
52 0.017655152860998 0.0237236614885284 0.0288822491023033 0.0389422130831233 0.0502510377729124 0.0669562302633297 0.0916785000096445 0.123100171715462 0.16431234509436 0.218315956089597 0.283791933289152 0.355453127278162 0.429392066556766 0.510960265124379 0.586431726134638 0.656670933318399 0.716822929086027 0.763487969156153 0.795888720441372 0.814810033920359 0.813978054541923 0.803634977289029 0.780255272726035 0.746284917174209 0.706083848346273 0.659272405738206 0.606601260700031 0.557747572472796 0.504031295612579 0.450207464968475 0.402910177592957 0.356438032692474 0.313516957777097 0.274336270430846 0.238142328788233 0.20591280622488 0.178679187505084 0.153325097374271 0.132572330382043 0.111395997700906 0.0958470683130434
53 0.0150406147931829 0.019982551232787 0.026689577694606 0.0373790810823466 0.0473451152771982 0.0656310578717985 0.0884731900696161 0.121844651909028 0.163441429444424 0.216378703162799 0.279432602751692 0.349870524338321 0.426599656944955 0.506879701174679 0.583778914034164 0.65330359394417 0.712255548661385 0.760967612016929 0.794246642123852 0.811906771714669 0.812406216462884 0.80233950536427 0.780551484021946 0.746000543923436 0.704947768029143 0.655863826020706 0.605663561003799 0.553440450863313 0.502028104391278 0.450010265989406 0.402203633288438 0.356802249045724 0.313285511918665 0.275662333986017 0.236841028214924 0.205512215160984 0.179750098331264 0.153581059246654 0.132166376266956 0.111175829879991 0.0962361192295126
54 0.0145621636954368 0.0210559067519516 0.0265243625453184 0.0349818997872378 0.0473169792352505 0.0622515965141539 0.0854387611893882 0.118508363650333 0.157874275509849 0.211407431155814 0.274893019758848 0.347567058558842 0.423806912673143 0.503604356983232 0.577537599794518 0.649734122062269 0.711777197123978 0.757840470535354 0.790243850517134 0.809055421792454 0.810796848773405 0.801284847543632 0.779351644221578 0.744455524979231 0.702203395678703 0.655396124371385 0.604491101092312 0.553926032205878 0.502497088344909 0.450079682323936 0.402229306120886 0.354417107415631 0.314306089974206 0.273396682385371 0.237528877768799 0.206372810006666 0.177374287574395 0.151109630760632 0.131703275508914 0.113753740438604 0.0952952992399795
55 0.0148563088732296 0.0206147652976293 0.0240461461836617 0.0324939845344304 0.0433673091232795 0.0595618050024034 0.0832171442183781 0.116854820219498 0.1564498937943 0.208893163483235 0.271891169649832 0.343815707986563 0.420776681936942 0.500209880245714 0.576751954325501 0.645120688993844 0.707466993435772 0.754741292823454 0.788394577432355 0.807991759879487 0.81099585116863 0.799624732156028 0.776102621788891 0.742231541282976 0.700775092354168 0.655687130371783 0.605932605309767 0.550837064020312 0.498145276665762 0.448034301166941 0.400682527655082 0.355902984839675 0.312014577918858 0.273175924242137 0.238796673015665 0.20757943656515 0.178710233405345 0.151985208231811 0.130267083960444 0.111280621375081 0.0948388483183875
56 0.0139892478987653 0.0179914411472962 0.023701702522845 0.0310434141014821 0.0425092101220063 0.057320102180901 0.07930584813975 0.112593512493702 0.155630698022613 0.206747950258896 0.268127079423687 0.341407506952438 0.418336204095922 0.496439851659908 0.572873197543677 0.641594187041501 0.705143101892988 0.752074734342465 0.785454596855357 0.805312739207616 0.80688536995091 0.796784941334541 0.773745265634755 0.740030976433487 0.700759233208579 0.655101226893394 0.603859130776253 0.55376203792635 0.500251300608168 0.449641307851992 0.400906173216935 0.353702314882259 0.312348658151135 0.2730748126494 0.238038615130319 0.205239329369393 0.178737848503508 0.151438492310959 0.131714446915388 0.112736210978847 0.0956555646666371
57 0.0136699356823748 0.0176103384261978 0.0226129396127449 0.0295097163997747 0.0417573028869516 0.0572704077731908 0.0803447858852276 0.109892783384592 0.15259206513121 0.203379450693279 0.265938072614248 0.336229267351046 0.414045239637387 0.493635725947438 0.570297788984864 0.640030329275055 0.701336971664552 0.747971727530875 0.782589844449012 0.801964423300196 0.805850238719073 0.794927986984141 0.773027753719822 0.739150219589545 0.699220126844626 0.65197799064822 0.602369286448382 0.551186240374156 0.499089957600878 0.448579899122996 0.401465383445101 0.35416803863843 0.310580721133032 0.272481826513867 0.236864334226615 0.204914615047974 0.176083133222218 0.151284841385818 0.131919697606838 0.112272929431678 0.0939539189861475
58 0.0134433038200129 0.0167706827600435 0.0226004715930251 0.028236657346607 0.0389261675707543 0.0524431297983026 0.0753894942644367 0.109595932301393 0.147509785175665 0.200120261193366 0.262584403333079 0.332859938260669 0.410697267648856 0.489736761922769 0.566561422818706 0.637393188857154 0.697708441393921 0.747138311104974 0.77847197674263 0.797178711385681 0.80224395675866 0.792748421985253 0.769093963709773 0.737004605646131 0.695512432220264 0.650167743288289 0.600751488648346 0.54876689364704 0.497816384963689 0.447950450568665 0.398473408566001 0.351676570350127 0.311572654789904 0.271178997874543 0.234505381330358 0.205153287019659 0.175088557992714 0.153809825075379 0.131218376880106 0.110681224061854 0.0953030614876599
59 0.0123237983166446 0.0165369074859797 0.0198421010578617 0.027996749622605 0.0374838017872568 0.0526262008413225 0.0744128614199801 0.107797523685891 0.144982272800954 0.196883181858658 0.261032906089591 0.332120846513271 0.408824432036595 0.487511627120156 0.564539961789921 0.632526745360969 0.695431232708301 0.74359084690856 0.776673559039197 0.797040031764945 0.798992215701165 0.790130605740459 0.767310073575067 0.736024094828803 0.693601968077625 0.649522037450699 0.60032458889379 0.548284397646671 0.496658239119983 0.447688238414872 0.398876188181078 0.352508281485099 0.30874861911598 0.272367610467835 0.235798723152616 0.203805043615136 0.177699660694971 0.153150882751176 0.131405885181322 0.111804421585458 0.0958228766182955
60 0.00987369238002232 0.013710381255425 0.0190648035999438 0.0272410492983461 0.0368813151606217 0.0515780540707493 0.0727475357078342 0.103838074854972 0.14416886215054 0.195270808915226 0.257002022895555 0.327190132637129 0.407099057914128 0.482948763651478 0.559903471712979 0.628861904492519 0.690438668578577 0.739961537823048 0.77307279428649 0.792597721309107 0.797972659147983 0.786838798469555 0.766151081571548 0.732363368523275 0.691885872314428 0.647092423569817 0.598722099070647 0.545982216142371 0.49490094200453 0.446102170294806 0.396969500470082 0.352868307238671 0.309364921429423 0.269566544476436 0.232859819266349 0.205365924887336 0.176120846602315 0.152417899741689 0.130266230124297 0.111595446050207 0.0944532858681695
61 0.0105346566779995 0.0147319575113699 0.0186468043240817 0.0247548843903368 0.0352428575540818 0.0484572862466603 0.0725279986677126 0.101663878021188 0.140908415483858 0.193173785823677 0.255549703845327 0.323789544409934 0.401632957588578 0.480500332148905 0.557671999310083 0.628785814539714 0.686968756076598 0.73774713264402 0.770542943884165 0.789701942465564 0.792997927885517 0.784372507793181 0.762868279372683 0.730728099333101 0.690996563919904 0.645469048730572 0.595359263104811 0.543574242885558 0.493498989943245 0.445475770367328 0.395246005575252 0.35065139290828 0.309830326625089 0.269196367939296 0.237023372404 0.203589951465321 0.178373568655856 0.150946858387966 0.130694328943887 0.109642958838841 0.0940225785130218
62 0.00944178789590889 0.0114333540272253 0.0185513296233096 0.0244686421014502 0.0335850417930028 0.0483526587495588 0.0696704438954603 0.100301723457757 0.140110927103004 0.191314022837007 0.252991375836637 0.323353457651933 0.399996256979138 0.477319183897713 0.55373040905099 0.62487442594709 0.684628889533635 0.732481361089814 0.76891062655158 0.78728235429309 0.792870992124933 0.782570866427522 0.759881450450773 0.730907468965232 0.68897017002444 0.643880073411751 0.592619441524765 0.542741159821156 0.493921336047962 0.442535369164186 0.396126499798683 0.348273514562 0.309282335755734 0.269104426845889 0.2347170034262 0.204536134779257 0.175879734655087 0.152145422809174 0.130775064904861 0.111261637811702 0.093841745816615
63 0.00932383838135974 0.0145621591643851 0.0187265827583692 0.0207574379016251 0.0324207039281277 0.0476030511512464 0.0689279368030678 0.0970382728686686 0.136653264522774 0.187593549432322 0.24934883136752 0.319836398560336 0.396466773210482 0.473241194786223 0.551423050836511 0.621723023929651 0.682382306097 0.73167501773409 0.764274315531489 0.784166756152721 0.789500466868995 0.778847514637733 0.758073300365148 0.725072771778984 0.689232455684565 0.642824443532642 0.591740779763616 0.541396177392113 0.491286611015841 0.442852246555668 0.394403756624755 0.35057176481714 0.307060704311452 0.26855112736256 0.235348454899923 0.203531811269156 0.175093739571752 0.149363485703119 0.128082121424563 0.110257684943082 0.0944445094667112
64 0.00976315741519829 0.0112918013398524 0.017633636547738 0.0222650788977103 0.031738179675209 0.0437652512141116 0.0661373113806161 0.0964416436769926 0.13404281801823 0.186856313716886 0.248802301769055 0.31957635774165 0.39312642723439 0.472589246207982 0.546498671090895 0.619047786914769 0.678564521455157 0.727674593566636 0.761735918171857 0.780630930548474 0.786066621706344 0.776471029147333 0.754913602752259 0.724332849527122 0.685294237030887 0.638715400998277 0.590661351354603 0.541869868137588 0.491249909362168 0.439099454584836 0.392535462847037 0.347162800145422 0.303925129137333 0.26916182478524 0.233289749218969 0.203150303008222 0.172929403338503 0.148194110863997 0.130232700163416 0.109736793019394 0.0924417806898663
65 0.00866386887429574 0.0109578983943062 0.0162732821608648 0.0204064448672132 0.0308693587915136 0.0434253842121373 0.0666234036323368 0.0932645070706804 0.133317858071984 0.182984300011565 0.24506860805359 0.315105187131343 0.388560307705391 0.467347575356373 0.545329844528272 0.615591338483523 0.675374275745252 0.724826470797378 0.758775003757348 0.778795668911761 0.783409797520102 0.773761269090254 0.754649632321123 0.722028248568621 0.682399855045317 0.63732877031943 0.589334835387968 0.53956329274445 0.488227659568642 0.439775630367816 0.393480302386815 0.346011315160565 0.307094530968631 0.266733300798375 0.234889587709652 0.200316454702555 0.173370196565313 0.146751384311194 0.129126861126077 0.108791354420287 0.092617709380597
66 0.00810925802388076 0.0109752173728383 0.0127104418239633 0.02152604917606 0.0306672920746239 0.0448603231112087 0.0640283486808213 0.09234018435287 0.130694137369909 0.181555000841372 0.242125264777983 0.311935615555254 0.386846612644808 0.466977419920691 0.541356726612722 0.61090302559557 0.673623835424941 0.720717690356234 0.755363688326378 0.774582585345061 0.780102100992203 0.769469927769942 0.749764382036822 0.718717751772774 0.679763261648792 0.636306286210688 0.588971922338396 0.537046375508342 0.486101537088181 0.439490409305638 0.388690027296969 0.345348619424776 0.303930031408648 0.26639919923814 0.231241419481882 0.199533896253606 0.172301672506768 0.149578084780042 0.128702002686736 0.109191238740819 0.0917020600749452
67 0.00742344160613261 0.00893788396289401 0.0148981712816698 0.0208004468252232 0.0279763174914044 0.0412881247501338 0.0627431530221947 0.0918855018236646 0.131246653476944 0.180575068910677 0.240655904803262 0.309249311357851 0.384642199578002 0.461807071244871 0.539192943098415 0.610146533671992 0.669067482215636 0.717232208353206 0.753220383349069 0.771424186551794 0.776477656001519 0.768551632470499 0.748409322798337 0.715956792774142 0.677446572413866 0.631448677497993 0.586185799712778 0.535434600047949 0.487019314927433 0.43852079298005 0.389275670878044 0.343908372997196 0.304344974504937 0.265440249048314 0.232281364124645 0.200672667486124 0.176012610762432 0.148944625277409 0.127691930692011 0.107958014899089 0.092654117226487
68 0.00755195455469206 0.00942520196803077 0.0140764620848543 0.0166473374255145 0.0287840738111823 0.0398774285300773 0.061789652613556 0.0888463994563304 0.128134526436894 0.177522776510007 0.237457671162622 0.309206660474914 0.38152300103455 0.459136027029196 0.53500250101058 0.604572676252388 0.667414580063494 0.714301715824377 0.749214952377125 0.768632105052061 0.773573200631849 0.76590846259333 0.744747166456505 0.712663407212285 0.675005726070684 0.632728319959058 0.584274367272385 0.534994747064505 0.483892209241131 0.435348467806218 0.387888454537728 0.344010668133371 0.300977251790124 0.266547691209165 0.230714540852266 0.19963595076042 0.171351591201729 0.147661478071457 0.126273087672723 0.108686116461545 0.0926001695574099
69 0.00560841234561371 0.00927602273534484 0.0120304442711643 0.0190352184663285 0.0251207817610273 0.0389396907967975 0.0582046533973534 0.0890412929364306 0.126804980038014 0.175589924095216 0.237027320496593 0.304007712346436 0.378953512511409 0.458259343334677 0.533526188241168 0.602340805564581 0.662542009281781 0.712711198785961 0.746239267261522 0.76499959198204 0.770273527344782 0.76236174999943 0.743313613511281 0.710114813073418 0.672132294380756 0.628581947913338 0.58239579374997 0.531110376905858 0.483588878060991 0.434381913324614 0.386693120724607 0.343027840475528 0.301249545057058 0.265541353404816 0.230714949575634 0.199018261156339 0.172704911790132 0.148471109676304 0.125576497967799 0.108234955089202 0.0924327561564764
70 0.00601720423214144 0.00842612494730293 0.0115997520968211 0.0168539724032143 0.0251037290178485 0.0383672750579844 0.0585065470328635 0.087332783724869 0.126657766273716 0.174536830984332 0.23346644413479 0.303592632122625 0.377228598985379 0.454633352088227 0.533109034476778 0.600137941583709 0.659938237013309 0.709587578205261 0.742006704898673 0.76276355667466 0.769047918856642 0.761267614078754 0.740114073936585 0.708640999638076 0.670962077642696 0.625944163933682 0.579412734662114 0.530869341200496 0.479486032886809 0.431066803371176 0.385643136728665 0.341188487954281 0.302325005318746 0.26216194328458 0.227906496609424 0.198602440595458 0.172863275678454 0.147542551223055 0.126717303818934 0.107771036667717 0.0918797555342341
71 0.00772560702534914 0.0103677191899973 0.0102615451670355 0.0165982790281465 0.0236006123985741 0.038039334792688 0.0576141868051221 0.086960534102979 0.125627089216905 0.172891615084638 0.233694665213872 0.301340367137183 0.376163411137317 0.450221448555683 0.528816463005825 0.597085787589324 0.656253679734349 0.706869508110393 0.739314678829783 0.759343082288298 0.765314361570372 0.756317503881678 0.735700441214314 0.707494213864118 0.665122005143572 0.624877299412866 0.576391164290482 0.52745682136572 0.47939038259406 0.429110061732444 0.386054536873678 0.341202360954428 0.300013206826371 0.262765205393151 0.230696647244675 0.199637334933019 0.170623165218548 0.146704545310324 0.125848541178355 0.108770278010232 0.0899122494296897
72 0.00641300349782202 0.00615250148948315 0.0111121544039264 0.0170370548832513 0.0245073089610077 0.036246682446654 0.0555654714343537 0.0864417419716645 0.122263189638553 0.172117172828389 0.228419634357541 0.298056560794003 0.371902704382614 0.450955176825023 0.525439501259658 0.594409957329843 0.653545075177068 0.702067534563488 0.735838811704936 0.755956776388883 0.761487854093836 0.754063468798913 0.733765616079708 0.703598156678551 0.664631446585355 0.624630665285912 0.57445667026962 0.527197468391319 0.477001495910826 0.429102385081036 0.380763047448061 0.339633533083014 0.298969781190126 0.260121746247678 0.227971729610482 0.196893097512378 0.170504403075341 0.147777723029361 0.126627107955701 0.106669936341871 0.0901516699144432
73 0.00453956728854789 0.00745301184559932 0.0107358348110477 0.0162360673777156 0.0239006288112634 0.0362917322563538 0.0553239438653877 0.0825003326422778 0.121248324567534 0.169327581887994 0.227523132642905 0.298061224784349 0.370592017782888 0.444380663420923 0.521047344774012 0.591728336444497 0.649707347582877 0.698186454504251 0.733739401028005 0.753512595615303 0.757317768775742 0.750982749288479 0.730443212776528 0.702362469873316 0.664250635876005 0.619380338036441 0.571855320260888 0.525798112972233 0.477528469859862 0.427853045050615 0.382498172864665 0.336695204701612 0.298461262483802 0.259663335885188 0.226368582167002 0.196042459335145 0.168679921032573 0.147430072517055 0.125106533448735 0.106781953376097 0.0908138006741055
74 0.00399302667455239 0.00837654795411993 0.00843724018486907 0.0141665284945926 0.0214311940287504 0.0359720978211032 0.0536146676708278 0.0823137073493114 0.12087225828084 0.16628764174292 0.226486190332381 0.293717366310046 0.367959723342352 0.443625223886976 0.51922185921608 0.587088386399677 0.648220740051528 0.697227001686801 0.731187803658599 0.748005686012658 0.755616939169757 0.74817672843388 0.728170848130396 0.697458611360137 0.660837446719938 0.616184759245956 0.569749917057995 0.522137107160574 0.475113887261788 0.425849524781455 0.379301468224458 0.337401024553228 0.295118075715598 0.258968689962105 0.224861341341084 0.197580577427092 0.169147079298582 0.146510102537274 0.124304725613965 0.107396648770353 0.091060792364134
75 0.00399737442593287 0.0060199206618939 0.00817878189501317 0.014772960819081 0.0221961997118006 0.034824790545013 0.0536223116071594 0.0823743511414532 0.118083682729266 0.165806793940014 0.224357708957811 0.292426463489134 0.36668101394171 0.440275962706958 0.515992077505694 0.583672042291705 0.645868136757632 0.691014567055459 0.726339977328482 0.746851955448795 0.751113397530281 0.744730265912635 0.724676624834791 0.695857722065922 0.65864542938232 0.615146315454932 0.567329423815198 0.521039676270287 0.4725747728 0.423579625541987 0.379584857388961 0.334191393890682 0.295417905775466 0.257746479743419 0.223691783190064 0.195458911622663 0.168173634669529 0.145533419934487 0.125732898278066 0.107466079631573 0.0906428968119262
76 0.00528608523729668 0.00639358333248957 0.00952640878254254 0.0134803231508927 0.0206174612989585 0.0344932065771325 0.0507243981783475 0.0799502702626186 0.115953937817648 0.164350789380983 0.224682003753985 0.290854004060289 0.363686365304165 0.438735806104777 0.511440888696653 0.580868146059474 0.641889006815956 0.689220408588044 0.721344123276124 0.744258645151154 0.748075471921901 0.741022451742273 0.722226315720985 0.692598210653257 0.654879271257208 0.614025346568938 0.567485878718985 0.516362689901831 0.469694225242083 0.421539743753796 0.376757734803896 0.334138903462408 0.294749348322334 0.257852538215138 0.222558595453484 0.194749396591874 0.167153910308743 0.14339674558869 0.12349519944666 0.105647416571152 0.0890712408588459
77 0.00490165907867123 0.00816936690760067 0.00793811932938245 0.0147194731644319 0.0214383476410766 0.0322316627674008 0.051938307105794 0.0780736526644063 0.11677336589403 0.162609793910504 0.221592035119097 0.290847695175391 0.361273166428534 0.436927826843681 0.510483071342119 0.57970168032519 0.640245868340392 0.686796942355937 0.719468281211429 0.740986120246025 0.747759052639761 0.738660890667235 0.718652140869156 0.690009697387377 0.654234425137618 0.61013124865021 0.563170198973963 0.516856404288558 0.469351386452239 0.422064653898026 0.376612347148245 0.33266612014874 0.294281852070439 0.256328640026464 0.221804358694168 0.192474160468396 0.167868566987045 0.143604091988133 0.122618910276105 0.105418146600352 0.0908021107040883
78 0.00367512361870204 0.00406846858931601 0.00829900618305241 0.0114407103395515 0.0188313518349298 0.0322315471901235 0.0501983188578685 0.0767447419164184 0.113076184613507 0.162465045300391 0.220363494395843 0.287233987925293 0.358682572275642 0.434067910621174 0.507725005078035 0.575770576624688 0.63382992626238 0.681848157858893 0.716130678568296 0.739077558619736 0.741105179966879 0.735219334933272 0.716719998424689 0.68700623081019 0.649863052850322 0.608540906666439 0.562741905054193 0.514791953999272 0.467238081999306 0.420473861337502 0.374058623246342 0.330843500695104 0.291201450912954 0.255954603406673 0.222698594133577 0.193771898511008 0.165795557963869 0.143255609835416 0.123492056044933 0.106048367690529 0.0894820830993867
79 0.00366218571089988 0.00485726807303346 0.00925822315702799 0.0133995519024797 0.020719811968005 0.0323711836721215 0.0509887716215724 0.0781942249985521 0.113215253503545 0.163284119991308 0.219109292468274 0.28647913106875 0.35801483897008 0.431410918650358 0.50529078695888 0.573767102009771 0.631663697597466 0.67827018181717 0.714994678161198 0.732939235045347 0.738388350494433 0.732063820255764 0.713056700729559 0.684714778092873 0.648065115745353 0.606612006597048 0.562187955256034 0.51283054016383 0.463201445334237 0.417637666993319 0.372185718515309 0.331458358712652 0.291095268687009 0.255874232751325 0.222908251099333 0.193436731836109 0.16443296837013 0.142891119851579 0.123845599746021 0.104860904865634 0.0887399222975414
80 0.0048075809822742 0.00420200994478219 0.00749492652728456 0.0135603306047698 0.0193051492372846 0.0311436979494355 0.0473235262785595 0.0784794818250367 0.111954162326229 0.160252067866421 0.216983311743411 0.282180740076613 0.35614798002463 0.429439442724504 0.502207367049484 0.571672666667531 0.629894218116554 0.677143045503549 0.710704689748929 0.729326689483394 0.735451496263588 0.72938222684224 0.708392529277708 0.681049766224152 0.644792112989346 0.601238947437385 0.55734764031725 0.51153253065639 0.463952746386033 0.417792626392919 0.370070506590981 0.329035893096802 0.290366789508189 0.254802382868048 0.22126001878352 0.192220415221474 0.166144249173135 0.143295390896511 0.12088257819037 0.10446059922436 0.0890067095662682
